1900 190
2 20
2 2 2 2 2 2 2 2 2 2 2 2 2 2 2 2 2 2 2 2 2 2 2 2 2 2 2 2 2 2 2 2 2 2 2 2 2 2 2 2 2 2 2 2 2 2 2 2 2 2 2 2 2 2 2 2 2 2 2 2 2 2 2 2 2 2 2 2 2 2 2 2 2 2 2 2 2 2 2 2 2 2 2 2 2 2 2 2 2 2 2 2 2 2 2 2 2 2 2 2 2 2 2 2 2 2 2 2 2 2 2 2 2 2 2 2 2 2 2 2 2 2 2 2 2 2 2 2 2 2 2 2 2 2 2 2 2 2 2 2 2 2 2 2 2 2 2 2 2 2 2 2 2 2 2 2 2 2 2 2 2 2 2 2 2 2 2 2 2 2 2 2 2 2 2 2 2 2 2 2 2 2 2 2 2 2 2 2 2 2 2 2 2 2 2 2 2 2 2 2 2 2 2 2 2 2 2 2 2 2 2 2 2 2 2 2 2 2 2 2 2 2 2 2 2 2 2 2 2 2 2 2 2 2 2 2 2 2 2 2 2 2 2 2 2 2 2 2 2 2 2 2 2 2 2 2 2 2 2 2 2 2 2 2 2 2 2 2 2 2 2 2 2 2 2 2 2 2 2 2 2 2 2 2 2 2 2 2 2 2 2 2 2 2 2 2 2 2 2 2 2 2 2 2 2 2 2 2 2 2 2 2 2 2 2 2 2 2 2 2 2 2 2 2 2 2 2 2 2 2 2 2 2 2 2 2 2 2 2 2 2 2 2 2 2 2 2 2 2 2 2 2 2 2 2 2 2 2 2 2 2 2 2 2 2 2 2 2 2 2 2 2 2 2 2 2 2 2 2 2 2 2 2 2 2 2 2 2 2 2 2 2 2 2 2 2 2 2 2 2 2 2 2 2 2 2 2 2 2 2 2 2 2 2 2 2 2 2 2 2 2 2 2 2 2 2 2 2 2 2 2 2 2 2 2 2 2 2 2 2 2 2 2 2 2 2 2 2 2 2 2 2 2 2 2 2 2 2 2 2 2 2 2 2 2 2 2 2 2 2 2 2 2 2 2 2 2 2 2 2 2 2 2 2 2 2 2 2 2 2 2 2 2 2 2 2 2 2 2 2 2 2 2 2 2 2 2 2 2 2 2 2 2 2 2 2 2 2 2 2 2 2 2 2 2 2 2 2 2 2 2 2 2 2 2 2 2 2 2 2 2 2 2 2 2 2 2 2 2 2 2 2 2 2 2 2 2 2 2 2 2 2 2 2 2 2 2 2 2 2 2 2 2 2 2 2 2 2 2 2 2 2 2 2 2 2 2 2 2 2 2 2 2 2 2 2 2 2 2 2 2 2 2 2 2 2 2 2 2 2 2 2 2 2 2 2 2 2 2 2 2 2 2 2 2 2 2 2 2 2 2 2 2 2 2 2 2 2 2 2 2 2 2 2 2 2 2 2 2 2 2 2 2 2 2 2 2 2 2 2 2 2 2 2 2 2 2 2 2 2 2 2 2 2 2 2 2 2 2 2 2 2 2 2 2 2 2 2 2 2 2 2 2 2 2 2 2 2 2 2 2 2 2 2 2 2 2 2 2 2 2 2 2 2 2 2 2 2 2 2 2 2 2 2 2 2 2 2 2 2 2 2 2 2 2 2 2 2 2 2 2 2 2 2 2 2 2 2 2 2 2 2 2 2 2 2 2 2 2 2 2 2 2 2 2 2 2 2 2 2 2 2 2 2 2 2 2 2 2 2 2 2 2 2 2 2 2 2 2 2 2 2 2 2 2 2 2 2 2 2 2 2 2 2 2 2 2 2 2 2 2 2 2 2 2 2 2 2 2 2 2 2 2 2 2 2 2 2 2 2 2 2 2 2 2 2 2 2 2 2 2 2 2 2 2 2 2 2 2 2 2 2 2 2 2 2 2 2 2 2 2 2 2 2 2 2 2 2 2 2 2 2 2 2 2 2 2 2 2 2 2 2 2 2 2 2 2 2 2 2 2 2 2 2 2 2 2 2 2 2 2 2 2 2 2 2 2 2 2 2 2 2 2 2 2 2 2 2 2 2 2 2 2 2 2 2 2 2 2 2 2 2 2 2 2 2 2 2 2 2 2 2 2 2 2 2 2 2 2 2 2 2 2 2 2 2 2 2 2 2 2 2 2 2 2 2 2 2 2 2 2 2 2 2 2 2 2 2 2 2 2 2 2 2 2 2 2 2 2 2 2 2 2 2 2 2 2 2 2 2 2 2 2 2 2 2 2 2 2 2 2 2 2 2 2 2 2 2 2 2 2 2 2 2 2 2 2 2 2 2 2 2 2 2 2 2 2 2 2 2 2 2 2 2 2 2 2 2 2 2 2 2 2 2 2 2 2 2 2 2 2 2 2 2 2 2 2 2 2 2 2 2 2 2 2 2 2 2 2 2 2 2 2 2 2 2 2 2 2 2 2 2 2 2 2 2 2 2 2 2 2 2 2 2 2 2 2 2 2 2 2 2 2 2 2 2 2 2 2 2 2 2 2 2 2 2 2 2 2 2 2 2 2 2 2 2 2 2 2 2 2 2 2 2 2 2 2 2 2 2 2 2 2 2 2 2 2 2 2 2 2 2 2 2 2 2 2 2 2 2 2 2 2 2 2 2 2 2 2 2 2 2 2 2 2 2 2 2 2 2 2 2 2 2 2 2 2 2 2 2 2 2 2 2 2 2 2 2 2 2 2 2 2 2 2 2 2 2 2 2 2 2 2 2 2 2 2 2 2 2 2 2 2 2 2 2 2 2 2 2 2 2 2 2 2 2 2 2 2 2 2 2 2 2 2 2 2 2 2 2 2 2 2 2 2 2 2 2 2 2 2 2 2 2 2 2 2 2 2 2 2 2 2 2 2 2 2 2 2 2 2 2 2 2 2 2 2 2 2 2 2 2 2 2 2 2 2 2 2 2 2 2 2 2 2 2 2 2 2 2 2 2 2 2 2 2 2 2 2 2 2 2 2 2 2 2 2 2 2 2 2 2 2 2 2 2 2 2 2 2 2 2 2 2 2 2 2 2 2 2 2 2 2 2 2 2 2 2 2 2 2 2 2 2 2 2 2 2 2 2 2 2 2 2 2 2 2 2 2 2 2 2 2 2 2 2 2 2 2 2 2 2 2 2 2 2 2 2 2 2 2 2 2 2 2 2 2 2 2 2 2 2 2 2 2 2 2 2 2 2 2 2 2 2 2 2 2 2 2 2 2 2 2 2 2 2 2 2 2 2 2 2 2 2 2 2 2 2 2 2 2 2 2 2 2 2 2 2 2 2 2 2 2 2 2 2 2 2 2 2 2 2 2 2 2 2 2 2 2 2 2 2 2 2 2 2 2 2 2 2 2 2 2 2 2 2 2 2 2 2 2 2 2 2 2 2 2 2 2 2 2 2 2 2 2 2 2 2 2 2 2 2 2 2 2 2 2 2 2 2 2 2 2 2 2 2 2 2 2 2 2 2 2 2 2 2 2 2 2 2 2 2 2 2 2 2 2 2 2 2 2 2 2 2 2 2 2 2 2 2 2 2 2 2 2 2 2 2 2 2 2 2 2 2 2 2 2 2 2 2 2 2 2 2 2 2 2 2 2 2 2 2 2 2 2 2 2 2 2 2 2 2 2 2 2 2 2 2 2 2 2 2 2 2 2 2 2 2 2 2 2 2 2 2 2 2 2 2 2 2 2 2 2 2 2 2 2 2 2 2 2 2 2 2 2 2 2 2 2 2 2 2 2 2 2 2 2 2 2 2 2 2 2 2 2 2 2 2 2 2 2 2 2 2 2 2 2 2 2 2 2 2 2 2 2 2 2 2 2 2 2 2 2 2 2 2 2 2 2 2 2 2 2 2 2 2 2 2 2 2 2 2 2 2 2 2 2 2 2 2 2 2 2 2 2 2 2 2 2 2 2 2 2 2 2 2 2 2 2 2 2 2 2 2 2 2 2 2 2 2 2 2 2 2 2 2 2 2 2 2 2 2 2 2 2 2 2 2 2 2 2 2 2 2 2 2 2 2 2 2 2 2 2 2 2 2 2 2 2 2 2 2 2 2 2 2 2 2 2 2 2 2 2 2 2 2 2 2 2 2 2 2 2 2 2 2 2 2 2 2 2 2 2 2 2 2 2 2 2 2 2 2 2 2 2 2 2 2 2 2 2 2 2 2 2 2 2 2 2 2 2 2 2 2 2 2 2 2 2 2 2 2 2 2 2 2 2 2 2 2 2 2 2 2 2 2 2 2 2 2 
20 20 20 20 20 20 20 20 20 20 20 20 20 20 20 20 20 20 20 20 20 20 20 20 20 20 20 20 20 20 20 20 20 20 20 20 20 20 20 20 20 20 20 20 20 20 20 20 20 20 20 20 20 20 20 20 20 20 20 20 20 20 20 20 20 20 20 20 20 20 20 20 20 20 20 20 20 20 20 20 20 20 20 20 20 20 20 20 20 20 20 20 20 20 20 20 20 20 20 20 20 20 20 20 20 20 20 20 20 20 20 20 20 20 20 20 20 20 20 20 20 20 20 20 20 20 20 20 20 20 20 20 20 20 20 20 20 20 20 20 20 20 20 20 20 20 20 20 20 20 20 20 20 20 20 20 20 20 20 20 20 20 20 20 20 20 20 20 20 20 20 20 20 20 20 20 20 20 20 20 20 20 20 20 20 20 20 20 20 20 
43 135 
44 136 
45 137 
46 138 
47 139 
48 140 
49 141 
50 142 
51 143 
52 144 
53 145 
54 146 
55 147 
56 148 
57 149 
58 150 
59 151 
60 152 
61 153 
62 154 
63 155 
64 156 
65 157 
66 158 
67 159 
68 160 
69 161 
70 162 
71 163 
72 164 
73 165 
74 166 
75 167 
76 168 
77 169 
78 170 
79 171 
80 172 
81 173 
82 174 
83 175 
84 176 
85 177 
86 178 
87 179 
88 180 
89 181 
90 182 
91 183 
92 184 
93 185 
94 186 
95 187 
1 188 
2 189 
3 190 
4 96 
5 97 
6 98 
7 99 
8 100 
9 101 
10 102 
11 103 
12 104 
13 105 
14 106 
15 107 
16 108 
17 109 
18 110 
19 111 
20 112 
21 113 
22 114 
23 115 
24 116 
25 117 
26 118 
27 119 
28 120 
29 121 
30 122 
31 123 
32 124 
33 125 
34 126 
35 127 
36 128 
37 129 
38 130 
39 131 
40 132 
41 133 
42 134 
23 112 
24 113 
25 114 
26 115 
27 116 
28 117 
29 118 
30 119 
31 120 
32 121 
33 122 
34 123 
35 124 
36 125 
37 126 
38 127 
39 128 
40 129 
41 130 
42 131 
43 132 
44 133 
45 134 
46 135 
47 136 
48 137 
49 138 
50 139 
51 140 
52 141 
53 142 
54 143 
55 144 
56 145 
57 146 
58 147 
59 148 
60 149 
61 150 
62 151 
63 152 
64 153 
65 154 
66 155 
67 156 
68 157 
69 158 
70 159 
71 160 
72 161 
73 162 
74 163 
75 164 
76 165 
77 166 
78 167 
79 168 
80 169 
81 170 
82 171 
83 172 
84 173 
85 174 
86 175 
87 176 
88 177 
89 178 
90 179 
91 180 
92 181 
93 182 
94 183 
95 184 
1 185 
2 186 
3 187 
4 188 
5 189 
6 190 
7 96 
8 97 
9 98 
10 99 
11 100 
12 101 
13 102 
14 103 
15 104 
16 105 
17 106 
18 107 
19 108 
20 109 
21 110 
22 111 
43 149 
44 150 
45 151 
46 152 
47 153 
48 154 
49 155 
50 156 
51 157 
52 158 
53 159 
54 160 
55 161 
56 162 
57 163 
58 164 
59 165 
60 166 
61 167 
62 168 
63 169 
64 170 
65 171 
66 172 
67 173 
68 174 
69 175 
70 176 
71 177 
72 178 
73 179 
74 180 
75 181 
76 182 
77 183 
78 184 
79 185 
80 186 
81 187 
82 188 
83 189 
84 190 
85 96 
86 97 
87 98 
88 99 
89 100 
90 101 
91 102 
92 103 
93 104 
94 105 
95 106 
1 107 
2 108 
3 109 
4 110 
5 111 
6 112 
7 113 
8 114 
9 115 
10 116 
11 117 
12 118 
13 119 
14 120 
15 121 
16 122 
17 123 
18 124 
19 125 
20 126 
21 127 
22 128 
23 129 
24 130 
25 131 
26 132 
27 133 
28 134 
29 135 
30 136 
31 137 
32 138 
33 139 
34 140 
35 141 
36 142 
37 143 
38 144 
39 145 
40 146 
41 147 
42 148 
4 113 
5 114 
6 115 
7 116 
8 117 
9 118 
10 119 
11 120 
12 121 
13 122 
14 123 
15 124 
16 125 
17 126 
18 127 
19 128 
20 129 
21 130 
22 131 
23 132 
24 133 
25 134 
26 135 
27 136 
28 137 
29 138 
30 139 
31 140 
32 141 
33 142 
34 143 
35 144 
36 145 
37 146 
38 147 
39 148 
40 149 
41 150 
42 151 
43 152 
44 153 
45 154 
46 155 
47 156 
48 157 
49 158 
50 159 
51 160 
52 161 
53 162 
54 163 
55 164 
56 165 
57 166 
58 167 
59 168 
60 169 
61 170 
62 171 
63 172 
64 173 
65 174 
66 175 
67 176 
68 177 
69 178 
70 179 
71 180 
72 181 
73 182 
74 183 
75 184 
76 185 
77 186 
78 187 
79 188 
80 189 
81 190 
82 96 
83 97 
84 98 
85 99 
86 100 
87 101 
88 102 
89 103 
90 104 
91 105 
92 106 
93 107 
94 108 
95 109 
1 110 
2 111 
3 112 
42 120 
43 121 
44 122 
45 123 
46 124 
47 125 
48 126 
49 127 
50 128 
51 129 
52 130 
53 131 
54 132 
55 133 
56 134 
57 135 
58 136 
59 137 
60 138 
61 139 
62 140 
63 141 
64 142 
65 143 
66 144 
67 145 
68 146 
69 147 
70 148 
71 149 
72 150 
73 151 
74 152 
75 153 
76 154 
77 155 
78 156 
79 157 
80 158 
81 159 
82 160 
83 161 
84 162 
85 163 
86 164 
87 165 
88 166 
89 167 
90 168 
91 169 
92 170 
93 171 
94 172 
95 173 
1 174 
2 175 
3 176 
4 177 
5 178 
6 179 
7 180 
8 181 
9 182 
10 183 
11 184 
12 185 
13 186 
14 187 
15 188 
16 189 
17 190 
18 96 
19 97 
20 98 
21 99 
22 100 
23 101 
24 102 
25 103 
26 104 
27 105 
28 106 
29 107 
30 108 
31 109 
32 110 
33 111 
34 112 
35 113 
36 114 
37 115 
38 116 
39 117 
40 118 
41 119 
57 161 
58 162 
59 163 
60 164 
61 165 
62 166 
63 167 
64 168 
65 169 
66 170 
67 171 
68 172 
69 173 
70 174 
71 175 
72 176 
73 177 
74 178 
75 179 
76 180 
77 181 
78 182 
79 183 
80 184 
81 185 
82 186 
83 187 
84 188 
85 189 
86 190 
87 96 
88 97 
89 98 
90 99 
91 100 
92 101 
93 102 
94 103 
95 104 
1 105 
2 106 
3 107 
4 108 
5 109 
6 110 
7 111 
8 112 
9 113 
10 114 
11 115 
12 116 
13 117 
14 118 
15 119 
16 120 
17 121 
18 122 
19 123 
20 124 
21 125 
22 126 
23 127 
24 128 
25 129 
26 130 
27 131 
28 132 
29 133 
30 134 
31 135 
32 136 
33 137 
34 138 
35 139 
36 140 
37 141 
38 142 
39 143 
40 144 
41 145 
42 146 
43 147 
44 148 
45 149 
46 150 
47 151 
48 152 
49 153 
50 154 
51 155 
52 156 
53 157 
54 158 
55 159 
56 160 
72 174 
73 175 
74 176 
75 177 
76 178 
77 179 
78 180 
79 181 
80 182 
81 183 
82 184 
83 185 
84 186 
85 187 
86 188 
87 189 
88 190 
89 96 
90 97 
91 98 
92 99 
93 100 
94 101 
95 102 
1 103 
2 104 
3 105 
4 106 
5 107 
6 108 
7 109 
8 110 
9 111 
10 112 
11 113 
12 114 
13 115 
14 116 
15 117 
16 118 
17 119 
18 120 
19 121 
20 122 
21 123 
22 124 
23 125 
24 126 
25 127 
26 128 
27 129 
28 130 
29 131 
30 132 
31 133 
32 134 
33 135 
34 136 
35 137 
36 138 
37 139 
38 140 
39 141 
40 142 
41 143 
42 144 
43 145 
44 146 
45 147 
46 148 
47 149 
48 150 
49 151 
50 152 
51 153 
52 154 
53 155 
54 156 
55 157 
56 158 
57 159 
58 160 
59 161 
60 162 
61 163 
62 164 
63 165 
64 166 
65 167 
66 168 
67 169 
68 170 
69 171 
70 172 
71 173 
62 190 
63 96 
64 97 
65 98 
66 99 
67 100 
68 101 
69 102 
70 103 
71 104 
72 105 
73 106 
74 107 
75 108 
76 109 
77 110 
78 111 
79 112 
80 113 
81 114 
82 115 
83 116 
84 117 
85 118 
86 119 
87 120 
88 121 
89 122 
90 123 
91 124 
92 125 
93 126 
94 127 
95 128 
1 129 
2 130 
3 131 
4 132 
5 133 
6 134 
7 135 
8 136 
9 137 
10 138 
11 139 
12 140 
13 141 
14 142 
15 143 
16 144 
17 145 
18 146 
19 147 
20 148 
21 149 
22 150 
23 151 
24 152 
25 153 
26 154 
27 155 
28 156 
29 157 
30 158 
31 159 
32 160 
33 161 
34 162 
35 163 
36 164 
37 165 
38 166 
39 167 
40 168 
41 169 
42 170 
43 171 
44 172 
45 173 
46 174 
47 175 
48 176 
49 177 
50 178 
51 179 
52 180 
53 181 
54 182 
55 183 
56 184 
57 185 
58 186 
59 187 
60 188 
61 189 
79 104 
80 105 
81 106 
82 107 
83 108 
84 109 
85 110 
86 111 
87 112 
88 113 
89 114 
90 115 
91 116 
92 117 
93 118 
94 119 
95 120 
1 121 
2 122 
3 123 
4 124 
5 125 
6 126 
7 127 
8 128 
9 129 
10 130 
11 131 
12 132 
13 133 
14 134 
15 135 
16 136 
17 137 
18 138 
19 139 
20 140 
21 141 
22 142 
23 143 
24 144 
25 145 
26 146 
27 147 
28 148 
29 149 
30 150 
31 151 
32 152 
33 153 
34 154 
35 155 
36 156 
37 157 
38 158 
39 159 
40 160 
41 161 
42 162 
43 163 
44 164 
45 165 
46 166 
47 167 
48 168 
49 169 
50 170 
51 171 
52 172 
53 173 
54 174 
55 175 
56 176 
57 177 
58 178 
59 179 
60 180 
61 181 
62 182 
63 183 
64 184 
65 185 
66 186 
67 187 
68 188 
69 189 
70 190 
71 96 
72 97 
73 98 
74 99 
75 100 
76 101 
77 102 
78 103 
19 133 
20 134 
21 135 
22 136 
23 137 
24 138 
25 139 
26 140 
27 141 
28 142 
29 143 
30 144 
31 145 
32 146 
33 147 
34 148 
35 149 
36 150 
37 151 
38 152 
39 153 
40 154 
41 155 
42 156 
43 157 
44 158 
45 159 
46 160 
47 161 
48 162 
49 163 
50 164 
51 165 
52 166 
53 167 
54 168 
55 169 
56 170 
57 171 
58 172 
59 173 
60 174 
61 175 
62 176 
63 177 
64 178 
65 179 
66 180 
67 181 
68 182 
69 183 
70 184 
71 185 
72 186 
73 187 
74 188 
75 189 
76 190 
77 96 
78 97 
79 98 
80 99 
81 100 
82 101 
83 102 
84 103 
85 104 
86 105 
87 106 
88 107 
89 108 
90 109 
91 110 
92 111 
93 112 
94 113 
95 114 
1 115 
2 116 
3 117 
4 118 
5 119 
6 120 
7 121 
8 122 
9 123 
10 124 
11 125 
12 126 
13 127 
14 128 
15 129 
16 130 
17 131 
18 132 
50 166 
51 167 
52 168 
53 169 
54 170 
55 171 
56 172 
57 173 
58 174 
59 175 
60 176 
61 177 
62 178 
63 179 
64 180 
65 181 
66 182 
67 183 
68 184 
69 185 
70 186 
71 187 
72 188 
73 189 
74 190 
75 96 
76 97 
77 98 
78 99 
79 100 
80 101 
81 102 
82 103 
83 104 
84 105 
85 106 
86 107 
87 108 
88 109 
89 110 
90 111 
91 112 
92 113 
93 114 
94 115 
95 116 
1 117 
2 118 
3 119 
4 120 
5 121 
6 122 
7 123 
8 124 
9 125 
10 126 
11 127 
12 128 
13 129 
14 130 
15 131 
16 132 
17 133 
18 134 
19 135 
20 136 
21 137 
22 138 
23 139 
24 140 
25 141 
26 142 
27 143 
28 144 
29 145 
30 146 
31 147 
32 148 
33 149 
34 150 
35 151 
36 152 
37 153 
38 154 
39 155 
40 156 
41 157 
42 158 
43 159 
44 160 
45 161 
46 162 
47 163 
48 164 
49 165 
33 156 
34 157 
35 158 
36 159 
37 160 
38 161 
39 162 
40 163 
41 164 
42 165 
43 166 
44 167 
45 168 
46 169 
47 170 
48 171 
49 172 
50 173 
51 174 
52 175 
53 176 
54 177 
55 178 
56 179 
57 180 
58 181 
59 182 
60 183 
61 184 
62 185 
63 186 
64 187 
65 188 
66 189 
67 190 
68 96 
69 97 
70 98 
71 99 
72 100 
73 101 
74 102 
75 103 
76 104 
77 105 
78 106 
79 107 
80 108 
81 109 
82 110 
83 111 
84 112 
85 113 
86 114 
87 115 
88 116 
89 117 
90 118 
91 119 
92 120 
93 121 
94 122 
95 123 
1 124 
2 125 
3 126 
4 127 
5 128 
6 129 
7 130 
8 131 
9 132 
10 133 
11 134 
12 135 
13 136 
14 137 
15 138 
16 139 
17 140 
18 141 
19 142 
20 143 
21 144 
22 145 
23 146 
24 147 
25 148 
26 149 
27 150 
28 151 
29 152 
30 153 
31 154 
32 155 
78 160 
79 161 
80 162 
81 163 
82 164 
83 165 
84 166 
85 167 
86 168 
87 169 
88 170 
89 171 
90 172 
91 173 
92 174 
93 175 
94 176 
95 177 
1 178 
2 179 
3 180 
4 181 
5 182 
6 183 
7 184 
8 185 
9 186 
10 187 
11 188 
12 189 
13 190 
14 96 
15 97 
16 98 
17 99 
18 100 
19 101 
20 102 
21 103 
22 104 
23 105 
24 106 
25 107 
26 108 
27 109 
28 110 
29 111 
30 112 
31 113 
32 114 
33 115 
34 116 
35 117 
36 118 
37 119 
38 120 
39 121 
40 122 
41 123 
42 124 
43 125 
44 126 
45 127 
46 128 
47 129 
48 130 
49 131 
50 132 
51 133 
52 134 
53 135 
54 136 
55 137 
56 138 
57 139 
58 140 
59 141 
60 142 
61 143 
62 144 
63 145 
64 146 
65 147 
66 148 
67 149 
68 150 
69 151 
70 152 
71 153 
72 154 
73 155 
74 156 
75 157 
76 158 
77 159 
9 188 
10 189 
11 190 
12 96 
13 97 
14 98 
15 99 
16 100 
17 101 
18 102 
19 103 
20 104 
21 105 
22 106 
23 107 
24 108 
25 109 
26 110 
27 111 
28 112 
29 113 
30 114 
31 115 
32 116 
33 117 
34 118 
35 119 
36 120 
37 121 
38 122 
39 123 
40 124 
41 125 
42 126 
43 127 
44 128 
45 129 
46 130 
47 131 
48 132 
49 133 
50 134 
51 135 
52 136 
53 137 
54 138 
55 139 
56 140 
57 141 
58 142 
59 143 
60 144 
61 145 
62 146 
63 147 
64 148 
65 149 
66 150 
67 151 
68 152 
69 153 
70 154 
71 155 
72 156 
73 157 
74 158 
75 159 
76 160 
77 161 
78 162 
79 163 
80 164 
81 165 
82 166 
83 167 
84 168 
85 169 
86 170 
87 171 
88 172 
89 173 
90 174 
91 175 
92 176 
93 177 
94 178 
95 179 
1 180 
2 181 
3 182 
4 183 
5 184 
6 185 
7 186 
8 187 
65 106 
66 107 
67 108 
68 109 
69 110 
70 111 
71 112 
72 113 
73 114 
74 115 
75 116 
76 117 
77 118 
78 119 
79 120 
80 121 
81 122 
82 123 
83 124 
84 125 
85 126 
86 127 
87 128 
88 129 
89 130 
90 131 
91 132 
92 133 
93 134 
94 135 
95 136 
1 137 
2 138 
3 139 
4 140 
5 141 
6 142 
7 143 
8 144 
9 145 
10 146 
11 147 
12 148 
13 149 
14 150 
15 151 
16 152 
17 153 
18 154 
19 155 
20 156 
21 157 
22 158 
23 159 
24 160 
25 161 
26 162 
27 163 
28 164 
29 165 
30 166 
31 167 
32 168 
33 169 
34 170 
35 171 
36 172 
37 173 
38 174 
39 175 
40 176 
41 177 
42 178 
43 179 
44 180 
45 181 
46 182 
47 183 
48 184 
49 185 
50 186 
51 187 
52 188 
53 189 
54 190 
55 96 
56 97 
57 98 
58 99 
59 100 
60 101 
61 102 
62 103 
63 104 
64 105 
84 116 
85 117 
86 118 
87 119 
88 120 
89 121 
90 122 
91 123 
92 124 
93 125 
94 126 
95 127 
1 128 
2 129 
3 130 
4 131 
5 132 
6 133 
7 134 
8 135 
9 136 
10 137 
11 138 
12 139 
13 140 
14 141 
15 142 
16 143 
17 144 
18 145 
19 146 
20 147 
21 148 
22 149 
23 150 
24 151 
25 152 
26 153 
27 154 
28 155 
29 156 
30 157 
31 158 
32 159 
33 160 
34 161 
35 162 
36 163 
37 164 
38 165 
39 166 
40 167 
41 168 
42 169 
43 170 
44 171 
45 172 
46 173 
47 174 
48 175 
49 176 
50 177 
51 178 
52 179 
53 180 
54 181 
55 182 
56 183 
57 184 
58 185 
59 186 
60 187 
61 188 
62 189 
63 190 
64 96 
65 97 
66 98 
67 99 
68 100 
69 101 
70 102 
71 103 
72 104 
73 105 
74 106 
75 107 
76 108 
77 109 
78 110 
79 111 
80 112 
81 113 
82 114 
83 115 
2 156 
3 157 
4 158 
5 159 
6 160 
7 161 
8 162 
9 163 
10 164 
11 165 
12 166 
13 167 
14 168 
15 169 
16 170 
17 171 
18 172 
19 173 
20 174 
21 175 
22 176 
23 177 
24 178 
25 179 
26 180 
27 181 
28 182 
29 183 
30 184 
31 185 
32 186 
33 187 
34 188 
35 189 
36 190 
37 96 
38 97 
39 98 
40 99 
41 100 
42 101 
43 102 
44 103 
45 104 
46 105 
47 106 
48 107 
49 108 
50 109 
51 110 
52 111 
53 112 
54 113 
55 114 
56 115 
57 116 
58 117 
59 118 
60 119 
61 120 
62 121 
63 122 
64 123 
65 124 
66 125 
67 126 
68 127 
69 128 
70 129 
71 130 
72 131 
73 132 
74 133 
75 134 
76 135 
77 136 
78 137 
79 138 
80 139 
81 140 
82 141 
83 142 
84 143 
85 144 
86 145 
87 146 
88 147 
89 148 
90 149 
91 150 
92 151 
93 152 
94 153 
95 154 
1 155 
33 118 
34 119 
35 120 
36 121 
37 122 
38 123 
39 124 
40 125 
41 126 
42 127 
43 128 
44 129 
45 130 
46 131 
47 132 
48 133 
49 134 
50 135 
51 136 
52 137 
53 138 
54 139 
55 140 
56 141 
57 142 
58 143 
59 144 
60 145 
61 146 
62 147 
63 148 
64 149 
65 150 
66 151 
67 152 
68 153 
69 154 
70 155 
71 156 
72 157 
73 158 
74 159 
75 160 
76 161 
77 162 
78 163 
79 164 
80 165 
81 166 
82 167 
83 168 
84 169 
85 170 
86 171 
87 172 
88 173 
89 174 
90 175 
91 176 
92 177 
93 178 
94 179 
95 180 
1 181 
2 182 
3 183 
4 184 
5 185 
6 186 
7 187 
8 188 
9 189 
10 190 
11 96 
12 97 
13 98 
14 99 
15 100 
16 101 
17 102 
18 103 
19 104 
20 105 
21 106 
22 107 
23 108 
24 109 
25 110 
26 111 
27 112 
28 113 
29 114 
30 115 
31 116 
32 117 
59 117 
60 118 
61 119 
62 120 
63 121 
64 122 
65 123 
66 124 
67 125 
68 126 
69 127 
70 128 
71 129 
72 130 
73 131 
74 132 
75 133 
76 134 
77 135 
78 136 
79 137 
80 138 
81 139 
82 140 
83 141 
84 142 
85 143 
86 144 
87 145 
88 146 
89 147 
90 148 
91 149 
92 150 
93 151 
94 152 
95 153 
1 154 
2 155 
3 156 
4 157 
5 158 
6 159 
7 160 
8 161 
9 162 
10 163 
11 164 
12 165 
13 166 
14 167 
15 168 
16 169 
17 170 
18 171 
19 172 
20 173 
21 174 
22 175 
23 176 
24 177 
25 178 
26 179 
27 180 
28 181 
29 182 
30 183 
31 184 
32 185 
33 186 
34 187 
35 188 
36 189 
37 190 
38 96 
39 97 
40 98 
41 99 
42 100 
43 101 
44 102 
45 103 
46 104 
47 105 
48 106 
49 107 
50 108 
51 109 
52 110 
53 111 
54 112 
55 113 
56 114 
57 115 
58 116 
19 166 
20 167 
21 168 
22 169 
23 170 
24 171 
25 172 
26 173 
27 174 
28 175 
29 176 
30 177 
31 178 
32 179 
33 180 
34 181 
35 182 
36 183 
37 184 
38 185 
39 186 
40 187 
41 188 
42 189 
43 190 
44 96 
45 97 
46 98 
47 99 
48 100 
49 101 
50 102 
51 103 
52 104 
53 105 
54 106 
55 107 
56 108 
57 109 
58 110 
59 111 
60 112 
61 113 
62 114 
63 115 
64 116 
65 117 
66 118 
67 119 
68 120 
69 121 
70 122 
71 123 
72 124 
73 125 
74 126 
75 127 
76 128 
77 129 
78 130 
79 131 
80 132 
81 133 
82 134 
83 135 
84 136 
85 137 
86 138 
87 139 
88 140 
89 141 
90 142 
91 143 
92 144 
93 145 
94 146 
95 147 
1 148 
2 149 
3 150 
4 151 
5 152 
6 153 
7 154 
8 155 
9 156 
10 157 
11 158 
12 159 
13 160 
14 161 
15 162 
16 163 
17 164 
18 165 
54 169 244 378 435 515 595 700 778 933 997 1109 1159 1323 1362 1438 1615 1679 1748 1883 
55 170 245 379 436 516 596 701 779 934 998 1110 1160 1324 1363 1439 1521 1680 1749 1884 
56 171 246 380 437 517 597 702 780 935 999 1111 1161 1325 1364 1440 1522 1681 1750 1885 
57 172 247 286 438 518 598 703 781 936 1000 1112 1162 1326 1365 1441 1523 1682 1751 1886 
58 173 248 287 439 519 599 704 782 937 1001 1113 1163 1327 1366 1442 1524 1683 1752 1887 
59 174 249 288 440 520 600 705 783 938 1002 1114 1164 1328 1367 1443 1525 1684 1753 1888 
60 175 250 289 441 521 601 706 784 939 1003 1115 1165 1329 1368 1444 1526 1685 1754 1889 
61 176 251 290 442 522 602 707 785 940 1004 1116 1166 1330 1369 1445 1527 1686 1755 1890 
62 177 252 291 443 523 603 708 786 941 1005 1117 1167 1236 1370 1446 1528 1687 1756 1891 
63 178 253 292 444 524 604 709 787 942 1006 1118 1168 1237 1371 1447 1529 1688 1757 1892 
64 179 254 293 445 525 605 710 788 943 1007 1119 1169 1238 1372 1448 1530 1689 1758 1893 
65 180 255 294 446 526 606 711 789 944 1008 1120 1170 1239 1373 1449 1531 1690 1759 1894 
66 181 256 295 447 527 607 712 790 945 1009 1121 1171 1240 1374 1450 1532 1691 1760 1895 
67 182 257 296 448 528 608 713 791 946 1010 1122 1172 1241 1375 1451 1533 1692 1761 1896 
68 183 258 297 449 529 609 714 792 947 1011 1123 1173 1242 1376 1452 1534 1693 1762 1897 
69 184 259 298 450 530 610 715 793 948 1012 1124 1174 1243 1377 1453 1535 1694 1763 1898 
70 185 260 299 451 531 611 716 794 949 1013 1125 1175 1244 1378 1454 1536 1695 1764 1899 
71 186 261 300 452 532 612 717 795 950 1014 1126 1176 1245 1379 1455 1537 1696 1765 1900 
72 187 262 301 453 533 613 718 796 856 1015 1127 1177 1246 1380 1456 1538 1697 1766 1806 
73 188 263 302 454 534 614 719 797 857 1016 1128 1178 1247 1381 1457 1539 1698 1767 1807 
74 189 264 303 455 535 615 720 798 858 1017 1129 1179 1248 1382 1458 1540 1699 1768 1808 
75 190 265 304 456 536 616 721 799 859 1018 1130 1180 1249 1383 1459 1541 1700 1769 1809 
76 96 266 305 457 537 617 722 800 860 1019 1131 1181 1250 1384 1460 1542 1701 1770 1810 
77 97 267 306 458 538 618 723 801 861 1020 1132 1182 1251 1385 1461 1543 1702 1771 1811 
78 98 268 307 459 539 619 724 802 862 1021 1133 1183 1252 1386 1462 1544 1703 1772 1812 
79 99 269 308 460 540 620 725 803 863 1022 1134 1184 1253 1387 1463 1545 1704 1773 1813 
80 100 270 309 461 541 621 726 804 864 1023 1135 1185 1254 1388 1464 1546 1705 1774 1814 
81 101 271 310 462 542 622 727 805 865 1024 1136 1186 1255 1389 1465 1547 1706 1775 1815 
82 102 272 311 463 543 623 728 806 866 1025 1137 1187 1256 1390 1466 1548 1707 1776 1816 
83 103 273 312 464 544 624 729 807 867 1026 1138 1188 1257 1391 1467 1549 1708 1777 1817 
84 104 274 313 465 545 625 730 808 868 1027 1139 1189 1258 1392 1468 1550 1709 1778 1818 
85 105 275 314 466 546 626 731 809 869 1028 1140 1190 1259 1393 1469 1551 1710 1779 1819 
86 106 276 315 467 547 627 732 810 870 1029 1046 1191 1260 1394 1470 1552 1616 1780 1820 
87 107 277 316 468 548 628 733 811 871 1030 1047 1192 1261 1395 1471 1553 1617 1781 1821 
88 108 278 317 469 549 629 734 812 872 1031 1048 1193 1262 1396 1472 1554 1618 1782 1822 
89 109 279 318 470 550 630 735 813 873 1032 1049 1194 1263 1397 1473 1555 1619 1783 1823 
90 110 280 319 471 551 631 736 814 874 1033 1050 1195 1264 1398 1474 1556 1620 1784 1824 
91 111 281 320 472 552 632 737 815 875 1034 1051 1196 1265 1399 1475 1557 1621 1785 1825 
92 112 282 321 473 553 633 738 816 876 1035 1052 1197 1266 1400 1476 1558 1622 1786 1826 
93 113 283 322 474 554 634 739 817 877 1036 1053 1198 1267 1401 1477 1559 1623 1787 1827 
94 114 284 323 475 555 635 740 818 878 1037 1054 1199 1268 1402 1478 1560 1624 1788 1828 
95 115 285 324 381 556 636 741 819 879 1038 1055 1200 1269 1403 1479 1561 1625 1789 1829 
1 116 191 325 382 557 637 742 820 880 1039 1056 1201 1270 1404 1480 1562 1626 1790 1830 
2 117 192 326 383 558 638 743 821 881 1040 1057 1202 1271 1405 1481 1563 1627 1791 1831 
3 118 193 327 384 559 639 744 822 882 1041 1058 1203 1272 1406 1482 1564 1628 1792 1832 
4 119 194 328 385 560 640 745 823 883 1042 1059 1204 1273 1407 1483 1565 1629 1793 1833 
5 120 195 329 386 561 641 746 824 884 1043 1060 1205 1274 1408 1484 1566 1630 1794 1834 
6 121 196 330 387 562 642 747 825 885 1044 1061 1206 1275 1409 1485 1567 1631 1795 1835 
7 122 197 331 388 563 643 748 826 886 1045 1062 1207 1276 1410 1486 1568 1632 1796 1836 
8 123 198 332 389 564 644 749 827 887 951 1063 1208 1277 1411 1487 1569 1633 1797 1837 
9 124 199 333 390 565 645 750 828 888 952 1064 1209 1278 1412 1488 1570 1634 1798 1838 
10 125 200 334 391 566 646 751 829 889 953 1065 1210 1279 1413 1489 1571 1635 1799 1839 
11 126 201 335 392 567 647 752 830 890 954 1066 1211 1280 1414 1490 1572 1636 1800 1840 
12 127 202 336 393 568 648 753 831 891 955 1067 1212 1281 1415 1491 1573 1637 1801 1841 
13 128 203 337 394 569 649 754 832 892 956 1068 1213 1282 1416 1492 1574 1638 1802 1842 
14 129 204 338 395 570 650 755 833 893 957 1069 1214 1283 1417 1493 1575 1639 1803 1843 
15 130 205 339 396 476 651 756 834 894 958 1070 1215 1284 1418 1494 1576 1640 1804 1844 
16 131 206 340 397 477 652 757 835 895 959 1071 1216 1285 1419 1495 1577 1641 1805 1845 
17 132 207 341 398 478 653 758 836 896 960 1072 1217 1286 1420 1496 1578 1642 1711 1846 
18 133 208 342 399 479 654 759 837 897 961 1073 1218 1287 1421 1497 1579 1643 1712 1847 
19 134 209 343 400 480 655 760 838 898 962 1074 1219 1288 1422 1498 1580 1644 1713 1848 
20 135 210 344 401 481 656 666 839 899 963 1075 1220 1289 1423 1499 1581 1645 1714 1849 
21 136 211 345 402 482 657 667 840 900 964 1076 1221 1290 1424 1500 1582 1646 1715 1850 
22 137 212 346 403 483 658 668 841 901 965 1077 1222 1291 1425 1501 1583 1647 1716 1851 
23 138 213 347 404 484 659 669 842 902 966 1078 1223 1292 1331 1502 1584 1648 1717 1852 
24 139 214 348 405 485 660 670 843 903 967 1079 1224 1293 1332 1503 1585 1649 1718 1853 
25 140 215 349 406 486 661 671 844 904 968 1080 1225 1294 1333 1504 1586 1650 1719 1854 
26 141 216 350 407 487 662 672 845 905 969 1081 1226 1295 1334 1505 1587 1651 1720 1855 
27 142 217 351 408 488 663 673 846 906 970 1082 1227 1296 1335 1506 1588 1652 1721 1856 
28 143 218 352 409 489 664 674 847 907 971 1083 1228 1297 1336 1507 1589 1653 1722 1857 
29 144 219 353 410 490 665 675 848 908 972 1084 1229 1298 1337 1508 1590 1654 1723 1858 
30 145 220 354 411 491 571 676 849 909 973 1085 1230 1299 1338 1509 1591 1655 1724 1859 
31 146 221 355 412 492 572 677 850 910 974 1086 1231 1300 1339 1510 1592 1656 1725 1860 
32 147 222 356 413 493 573 678 851 911 975 1087 1232 1301 1340 1511 1593 1657 1726 1861 
33 148 223 357 414 494 574 679 852 912 976 1088 1233 1302 1341 1512 1594 1658 1727 1862 
34 149 224 358 415 495 575 680 853 913 977 1089 1234 1303 1342 1513 1595 1659 1728 1863 
35 150 225 359 416 496 576 681 854 914 978 1090 1235 1304 1343 1514 1596 1660 1729 1864 
36 151 226 360 417 497 577 682 855 915 979 1091 1141 1305 1344 1515 1597 1661 1730 1865 
37 152 227 361 418 498 578 683 761 916 980 1092 1142 1306 1345 1516 1598 1662 1731 1866 
38 153 228 362 419 499 579 684 762 917 981 1093 1143 1307 1346 1517 1599 1663 1732 1867 
39 154 229 363 420 500 580 685 763 918 982 1094 1144 1308 1347 1518 1600 1664 1733 1868 
40 155 230 364 421 501 581 686 764 919 983 1095 1145 1309 1348 1519 1601 1665 1734 1869 
41 156 231 365 422 502 582 687 765 920 984 1096 1146 1310 1349 1520 1602 1666 1735 1870 
42 157 232 366 423 503 583 688 766 921 985 1097 1147 1311 1350 1426 1603 1667 1736 1871 
43 158 233 367 424 504 584 689 767 922 986 1098 1148 1312 1351 1427 1604 1668 1737 1872 
44 159 234 368 425 505 585 690 768 923 987 1099 1149 1313 1352 1428 1605 1669 1738 1873 
45 160 235 369 426 506 586 691 769 924 988 1100 1150 1314 1353 1429 1606 1670 1739 1874 
46 161 236 370 427 507 587 692 770 925 989 1101 1151 1315 1354 1430 1607 1671 1740 1875 
47 162 237 371 428 508 588 693 771 926 990 1102 1152 1316 1355 1431 1608 1672 1741 1876 
48 163 238 372 429 509 589 694 772 927 991 1103 1153 1317 1356 1432 1609 1673 1742 1877 
49 164 239 373 430 510 590 695 773 928 992 1104 1154 1318 1357 1433 1610 1674 1743 1878 
50 165 240 374 431 511 591 696 774 929 993 1105 1155 1319 1358 1434 1611 1675 1744 1879 
51 166 241 375 432 512 592 697 775 930 994 1106 1156 1320 1359 1435 1612 1676 1745 1880 
52 167 242 376 433 513 593 698 776 931 995 1107 1157 1321 1360 1436 1613 1677 1746 1881 
53 168 243 377 434 514 594 699 777 932 996 1108 1158 1322 1361 1437 1614 1678 1747 1882 
57 175 233 364 452 506 588 667 848 914 976 1081 1172 1239 1416 1501 1556 1689 1785 1831 
58 176 234 365 453 507 589 668 849 915 977 1082 1173 1240 1417 1502 1557 1690 1786 1832 
59 177 235 366 454 508 590 669 850 916 978 1083 1174 1241 1418 1503 1558 1691 1787 1833 
60 178 236 367 455 509 591 670 851 917 979 1084 1175 1242 1419 1504 1559 1692 1788 1834 
61 179 237 368 456 510 592 671 852 918 980 1085 1176 1243 1420 1505 1560 1693 1789 1835 
62 180 238 369 457 511 593 672 853 919 981 1086 1177 1244 1421 1506 1561 1694 1790 1836 
63 181 239 370 458 512 594 673 854 920 982 1087 1178 1245 1422 1507 1562 1695 1791 1837 
64 182 240 371 459 513 595 674 855 921 983 1088 1179 1246 1423 1508 1563 1696 1792 1838 
65 183 241 372 460 514 596 675 761 922 984 1089 1180 1247 1424 1509 1564 1697 1793 1839 
66 184 242 373 461 515 597 676 762 923 985 1090 1181 1248 1425 1510 1565 1698 1794 1840 
67 185 243 374 462 516 598 677 763 924 986 1091 1182 1249 1331 1511 1566 1699 1795 1841 
68 186 244 375 463 517 599 678 764 925 987 1092 1183 1250 1332 1512 1567 1700 1796 1842 
69 187 245 376 464 518 600 679 765 926 988 1093 1184 1251 1333 1513 1568 1701 1797 1843 
70 188 246 377 465 519 601 680 766 927 989 1094 1185 1252 1334 1514 1569 1702 1798 1844 
71 189 247 378 466 520 602 681 767 928 990 1095 1186 1253 1335 1515 1570 1703 1799 1845 
72 190 248 379 467 521 603 682 768 929 991 1096 1187 1254 1336 1516 1571 1704 1800 1846 
73 96 249 380 468 522 604 683 769 930 992 1097 1188 1255 1337 1517 1572 1705 1801 1847 
74 97 250 286 469 523 605 684 770 931 993 1098 1189 1256 1338 1518 1573 1706 1802 1848 
75 98 251 287 470 524 606 685 771 932 994 1099 1190 1257 1339 1519 1574 1707 1803 1849 
76 99 252 288 471 525 607 686 772 933 995 1100 1191 1258 1340 1520 1575 1708 1804 1850 
77 100 253 289 472 526 608 687 773 934 996 1101 1192 1259 1341 1426 1576 1709 1805 1851 
78 101 254 290 473 527 609 688 774 935 997 1102 1193 1260 1342 1427 1577 1710 1711 1852 
79 102 255 291 474 528 610 689 775 936 998 1103 1194 1261 1343 1428 1578 1616 1712 1853 
80 103 256 292 475 529 611 690 776 937 999 1104 1195 1262 1344 1429 1579 1617 1713 1854 
81 104 257 293 381 530 612 691 777 938 1000 1105 1196 1263 1345 1430 1580 1618 1714 1855 
82 105 258 294 382 531 613 692 778 939 1001 1106 1197 1264 1346 1431 1581 1619 1715 1856 
83 106 259 295 383 532 614 693 779 940 1002 1107 1198 1265 1347 1432 1582 1620 1716 1857 
84 107 260 296 384 533 615 694 780 941 1003 1108 1199 1266 1348 1433 1583 1621 1717 1858 
85 108 261 297 385 534 616 695 781 942 1004 1109 1200 1267 1349 1434 1584 1622 1718 1859 
86 109 262 298 386 535 617 696 782 943 1005 1110 1201 1268 1350 1435 1585 1623 1719 1860 
87 110 263 299 387 536 618 697 783 944 1006 1111 1202 1269 1351 1436 1586 1624 1720 1861 
88 111 264 300 388 537 619 698 784 945 1007 1112 1203 1270 1352 1437 1587 1625 1721 1862 
89 112 265 301 389 538 620 699 785 946 1008 1113 1204 1271 1353 1438 1588 1626 1722 1863 
90 113 266 302 390 539 621 700 786 947 1009 1114 1205 1272 1354 1439 1589 1627 1723 1864 
91 114 267 303 391 540 622 701 787 948 1010 1115 1206 1273 1355 1440 1590 1628 1724 1865 
92 115 268 304 392 541 623 702 788 949 1011 1116 1207 1274 1356 1441 1591 1629 1725 1866 
93 116 269 305 393 542 624 703 789 950 1012 1117 1208 1275 1357 1442 1592 1630 1726 1867 
94 117 270 306 394 543 625 704 790 856 1013 1118 1209 1276 1358 1443 1593 1631 1727 1868 
95 118 271 307 395 544 626 705 791 857 1014 1119 1210 1277 1359 1444 1594 1632 1728 1869 
1 119 272 308 396 545 627 706 792 858 1015 1120 1211 1278 1360 1445 1595 1633 1729 1870 
2 120 273 309 397 546 628 707 793 859 1016 1121 1212 1279 1361 1446 1596 1634 1730 1871 
3 121 274 310 398 547 629 708 794 860 1017 1122 1213 1280 1362 1447 1597 1635 1731 1872 
4 122 275 311 399 548 630 709 795 861 1018 1123 1214 1281 1363 1448 1598 1636 1732 1873 
5 123 276 312 400 549 631 710 796 862 1019 1124 1215 1282 1364 1449 1599 1637 1733 1874 
6 124 277 313 401 550 632 711 797 863 1020 1125 1216 1283 1365 1450 1600 1638 1734 1875 
7 125 278 314 402 551 633 712 798 864 1021 1126 1217 1284 1366 1451 1601 1639 1735 1876 
8 126 279 315 403 552 634 713 799 865 1022 1127 1218 1285 1367 1452 1602 1640 1736 1877 
9 127 280 316 404 553 635 714 800 866 1023 1128 1219 1286 1368 1453 1603 1641 1737 1878 
10 128 281 317 405 554 636 715 801 867 1024 1129 1220 1287 1369 1454 1604 1642 1738 1879 
11 129 282 318 406 555 637 716 802 868 1025 1130 1221 1288 1370 1455 1605 1643 1739 1880 
12 130 283 319 407 556 638 717 803 869 1026 1131 1222 1289 1371 1456 1606 1644 1740 1881 
13 131 284 320 408 557 639 718 804 870 1027 1132 1223 1290 1372 1457 1607 1645 1741 1882 
14 132 285 321 409 558 640 719 805 871 1028 1133 1224 1291 1373 1458 1608 1646 1742 1883 
15 133 191 322 410 559 641 720 806 872 1029 1134 1225 1292 1374 1459 1609 1647 1743 1884 
16 134 192 323 411 560 642 721 807 873 1030 1135 1226 1293 1375 1460 1610 1648 1744 1885 
17 135 193 324 412 561 643 722 808 874 1031 1136 1227 1294 1376 1461 1611 1649 1745 1886 
18 136 194 325 413 562 644 723 809 875 1032 1137 1228 1295 1377 1462 1612 1650 1746 1887 
19 137 195 326 414 563 645 724 810 876 1033 1138 1229 1296 1378 1463 1613 1651 1747 1888 
20 138 196 327 415 564 646 725 811 877 1034 1139 1230 1297 1379 1464 1614 1652 1748 1889 
21 139 197 328 416 565 647 726 812 878 1035 1140 1231 1298 1380 1465 1615 1653 1749 1890 
22 140 198 329 417 566 648 727 813 879 1036 1046 1232 1299 1381 1466 1521 1654 1750 1891 
23 141 199 330 418 567 649 728 814 880 1037 1047 1233 1300 1382 1467 1522 1655 1751 1892 
24 142 200 331 419 568 650 729 815 881 1038 1048 1234 1301 1383 1468 1523 1656 1752 1893 
25 143 201 332 420 569 651 730 816 882 1039 1049 1235 1302 1384 1469 1524 1657 1753 1894 
26 144 202 333 421 570 652 731 817 883 1040 1050 1141 1303 1385 1470 1525 1658 1754 1895 
27 145 203 334 422 476 653 732 818 884 1041 1051 1142 1304 1386 1471 1526 1659 1755 1896 
28 146 204 335 423 477 654 733 819 885 1042 1052 1143 1305 1387 1472 1527 1660 1756 1897 
29 147 205 336 424 478 655 734 820 886 1043 1053 1144 1306 1388 1473 1528 1661 1757 1898 
30 148 206 337 425 479 656 735 821 887 1044 1054 1145 1307 1389 1474 1529 1662 1758 1899 
31 149 207 338 426 480 657 736 822 888 1045 1055 1146 1308 1390 1475 1530 1663 1759 1900 
32 150 208 339 427 481 658 737 823 889 951 1056 1147 1309 1391 1476 1531 1664 1760 1806 
33 151 209 340 428 482 659 738 824 890 952 1057 1148 1310 1392 1477 1532 1665 1761 1807 
34 152 210 341 429 483 660 739 825 891 953 1058 1149 1311 1393 1478 1533 1666 1762 1808 
35 153 211 342 430 484 661 740 826 892 954 1059 1150 1312 1394 1479 1534 1667 1763 1809 
36 154 212 343 431 485 662 741 827 893 955 1060 1151 1313 1395 1480 1535 1668 1764 1810 
37 155 213 344 432 486 663 742 828 894 956 1061 1152 1314 1396 1481 1536 1669 1765 1811 
38 156 214 345 433 487 664 743 829 895 957 1062 1153 1315 1397 1482 1537 1670 1766 1812 
39 157 215 346 434 488 665 744 830 896 958 1063 1154 1316 1398 1483 1538 1671 1767 1813 
40 158 216 347 435 489 571 745 831 897 959 1064 1155 1317 1399 1484 1539 1672 1768 1814 
41 159 217 348 436 490 572 746 832 898 960 1065 1156 1318 1400 1485 1540 1673 1769 1815 
42 160 218 349 437 491 573 747 833 899 961 1066 1157 1319 1401 1486 1541 1674 1770 1816 
43 161 219 350 438 492 574 748 834 900 962 1067 1158 1320 1402 1487 1542 1675 1771 1817 
44 162 220 351 439 493 575 749 835 901 963 1068 1159 1321 1403 1488 1543 1676 1772 1818 
45 163 221 352 440 494 576 750 836 902 964 1069 1160 1322 1404 1489 1544 1677 1773 1819 
46 164 222 353 441 495 577 751 837 903 965 1070 1161 1323 1405 1490 1545 1678 1774 1820 
47 165 223 354 442 496 578 752 838 904 966 1071 1162 1324 1406 1491 1546 1679 1775 1821 
48 166 224 355 443 497 579 753 839 905 967 1072 1163 1325 1407 1492 1547 1680 1776 1822 
49 167 225 356 444 498 580 754 840 906 968 1073 1164 1326 1408 1493 1548 1681 1777 1823 
50 168 226 357 445 499 581 755 841 907 969 1074 1165 1327 1409 1494 1549 1682 1778 1824 
51 169 227 358 446 500 582 756 842 908 970 1075 1166 1328 1410 1495 1550 1683 1779 1825 
52 170 228 359 447 501 583 757 843 909 971 1076 1167 1329 1411 1496 1551 1684 1780 1826 
53 171 229 360 448 502 584 758 844 910 972 1077 1168 1330 1412 1497 1552 1685 1781 1827 
54 172 230 361 449 503 585 759 845 911 973 1078 1169 1236 1413 1498 1553 1686 1782 1828 
55 173 231 362 450 504 586 760 846 912 974 1079 1170 1237 1414 1499 1554 1687 1783 1829 
56 174 232 363 451 505 587 666 847 913 975 1080 1171 1238 1415 1500 1555 1688 1784 1830 
