1908 212
4 36
4 4 4 4 4 4 4 4 4 4 4 4 4 4 4 4 4 4 4 4 4 4 4 4 4 4 4 4 4 4 4 4 4 4 4 4 4 4 4 4 4 4 4 4 4 4 4 4 4 4 4 4 4 4 4 4 4 4 4 4 4 4 4 4 4 4 4 4 4 4 4 4 4 4 4 4 4 4 4 4 4 4 4 4 4 4 4 4 4 4 4 4 4 4 4 4 4 4 4 4 4 4 4 4 4 4 4 4 4 4 4 4 4 4 4 4 4 4 4 4 4 4 4 4 4 4 4 4 4 4 4 4 4 4 4 4 4 4 4 4 4 4 4 4 4 4 4 4 4 4 4 4 4 4 4 4 4 4 4 4 4 4 4 4 4 4 4 4 4 4 4 4 4 4 4 4 4 4 4 4 4 4 4 4 4 4 4 4 4 4 4 4 4 4 4 4 4 4 4 4 4 4 4 4 4 4 4 4 4 4 4 4 4 4 4 4 4 4 4 4 4 4 4 4 4 4 4 4 4 4 4 4 4 4 4 4 4 4 4 4 4 4 4 4 4 4 4 4 4 4 4 4 4 4 4 4 4 4 4 4 4 4 4 4 4 4 4 4 4 4 4 4 4 4 4 4 4 4 4 4 4 4 4 4 4 4 4 4 4 4 4 4 4 4 4 4 4 4 4 4 4 4 4 4 4 4 4 4 4 4 4 4 4 4 4 4 4 4 4 4 4 4 4 4 4 4 4 4 4 4 4 4 4 4 4 4 4 4 4 4 4 4 4 4 4 4 4 4 4 4 4 4 4 4 4 4 4 4 4 4 4 4 4 4 4 4 4 4 4 4 4 4 4 4 4 4 4 4 4 4 4 4 4 4 4 4 4 4 4 4 4 4 4 4 4 4 4 4 4 4 4 4 4 4 4 4 4 4 4 4 4 4 4 4 4 4 4 4 4 4 4 4 4 4 4 4 4 4 4 4 4 4 4 4 4 4 4 4 4 4 4 4 4 4 4 4 4 4 4 4 4 4 4 4 4 4 4 4 4 4 4 4 4 4 4 4 4 4 4 4 4 4 4 4 4 4 4 4 4 4 4 4 4 4 4 4 4 4 4 4 4 4 4 4 4 4 4 4 4 4 4 4 4 4 4 4 4 4 4 4 4 4 4 4 4 4 4 4 4 4 4 4 4 4 4 4 4 4 4 4 4 4 4 4 4 4 4 4 4 4 4 4 4 4 4 4 4 4 4 4 4 4 4 4 4 4 4 4 4 4 4 4 4 4 4 4 4 4 4 4 4 4 4 4 4 4 4 4 4 4 4 4 4 4 4 4 4 4 4 4 4 4 4 4 4 4 4 4 4 4 4 4 4 4 4 4 4 4 4 4 4 4 4 4 4 4 4 4 4 4 4 4 4 4 4 4 4 4 4 4 4 4 4 4 4 4 4 4 4 4 4 4 4 4 4 4 4 4 4 4 4 4 4 4 4 4 4 4 4 4 4 4 4 4 4 4 4 4 4 4 4 4 4 4 4 4 4 4 4 4 4 4 4 4 4 4 4 4 4 4 4 4 4 4 4 4 4 4 4 4 4 4 4 4 4 4 4 4 4 4 4 4 4 4 4 4 4 4 4 4 4 4 4 4 4 4 4 4 4 4 4 4 4 4 4 4 4 4 4 4 4 4 4 4 4 4 4 4 4 4 4 4 4 4 4 4 4 4 4 4 4 4 4 4 4 4 4 4 4 4 4 4 4 4 4 4 4 4 4 4 4 4 4 4 4 4 4 4 4 4 4 4 4 4 4 4 4 4 4 4 4 4 4 4 4 4 4 4 4 4 4 4 4 4 4 4 4 4 4 4 4 4 4 4 4 4 4 4 4 4 4 4 4 4 4 4 4 4 4 4 4 4 4 4 4 4 4 4 4 4 4 4 4 4 4 4 4 4 4 4 4 4 4 4 4 4 4 4 4 4 4 4 4 4 4 4 4 4 4 4 4 4 4 4 4 4 4 4 4 4 4 4 4 4 4 4 4 4 4 4 4 4 4 4 4 4 4 4 4 4 4 4 4 4 4 4 4 4 4 4 4 4 4 4 4 4 4 4 4 4 4 4 4 4 4 4 4 4 4 4 4 4 4 4 4 4 4 4 4 4 4 4 4 4 4 4 4 4 4 4 4 4 4 4 4 4 4 4 4 4 4 4 4 4 4 4 4 4 4 4 4 4 4 4 4 4 4 4 4 4 4 4 4 4 4 4 4 4 4 4 4 4 4 4 4 4 4 4 4 4 4 4 4 4 4 4 4 4 4 4 4 4 4 4 4 4 4 4 4 4 4 4 4 4 4 4 4 4 4 4 4 4 4 4 4 4 4 4 4 4 4 4 4 4 4 4 4 4 4 4 4 4 4 4 4 4 4 4 4 4 4 4 4 4 4 4 4 4 4 4 4 4 4 4 4 4 4 4 4 4 4 4 4 4 4 4 4 4 4 4 4 4 4 4 4 4 4 4 4 4 4 4 4 4 4 4 4 4 4 4 4 4 4 4 4 4 4 4 4 4 4 4 4 4 4 4 4 4 4 4 4 4 4 4 4 4 4 4 4 4 4 4 4 4 4 4 4 4 4 4 4 4 4 4 4 4 4 4 4 4 4 4 4 4 4 4 4 4 4 4 4 4 4 4 4 4 4 4 4 4 4 4 4 4 4 4 4 4 4 4 4 4 4 4 4 4 4 4 4 4 4 4 4 4 4 4 4 4 4 4 4 4 4 4 4 4 4 4 4 4 4 4 4 4 4 4 4 4 4 4 4 4 4 4 4 4 4 4 4 4 4 4 4 4 4 4 4 4 4 4 4 4 4 4 4 4 4 4 4 4 4 4 4 4 4 4 4 4 4 4 4 4 4 4 4 4 4 4 4 4 4 4 4 4 4 4 4 4 4 4 4 4 4 4 4 4 4 4 4 4 4 4 4 4 4 4 4 4 4 4 4 4 4 4 4 4 4 4 4 4 4 4 4 4 4 4 4 4 4 4 4 4 4 4 4 4 4 4 4 4 4 4 4 4 4 4 4 4 4 4 4 4 4 4 4 4 4 4 4 4 4 4 4 4 4 4 4 4 4 4 4 4 4 4 4 4 4 4 4 4 4 4 4 4 4 4 4 4 4 4 4 4 4 4 4 4 4 4 4 4 4 4 4 4 4 4 4 4 4 4 4 4 4 4 4 4 4 4 4 4 4 4 4 4 4 4 4 4 4 4 4 4 4 4 4 4 4 4 4 4 4 4 4 4 4 4 4 4 4 4 4 4 4 4 4 4 4 4 4 4 4 4 4 4 4 4 4 4 4 4 4 4 4 4 4 4 4 4 4 4 4 4 4 4 4 4 4 4 4 4 4 4 4 4 4 4 4 4 4 4 4 4 4 4 4 4 4 4 4 4 4 4 4 4 4 4 4 4 4 4 4 4 4 4 4 4 4 4 4 4 4 4 4 4 4 4 4 4 4 4 4 4 4 4 4 4 4 4 4 4 4 4 4 4 4 4 4 4 4 4 4 4 4 4 4 4 4 4 4 4 4 4 4 4 4 4 4 4 4 4 4 4 4 4 4 4 4 4 4 4 4 4 4 4 4 4 4 4 4 4 4 4 4 4 4 4 4 4 4 4 4 4 4 4 4 4 4 4 4 4 4 4 4 4 4 4 4 4 4 4 4 4 4 4 4 4 4 4 4 4 4 4 4 4 4 4 4 4 4 4 4 4 4 4 4 4 4 4 4 4 4 4 4 4 4 4 4 4 4 4 4 4 4 4 4 4 4 4 4 4 4 4 4 4 4 4 4 4 4 4 4 4 4 4 4 4 4 4 4 4 4 4 4 4 4 4 4 4 4 4 4 4 4 4 4 4 4 4 4 4 4 4 4 4 4 4 4 4 4 4 4 4 4 4 4 4 4 4 4 4 4 4 4 4 4 4 4 4 4 4 4 4 4 4 4 4 4 4 4 4 4 4 4 4 4 4 4 4 4 4 4 4 4 4 4 4 4 4 4 4 4 4 4 4 4 4 4 4 4 4 4 4 4 4 4 4 4 4 4 4 4 4 4 4 4 4 4 4 4 4 4 4 4 4 4 4 4 4 4 4 4 4 4 4 4 4 4 4 4 4 4 4 4 4 4 4 4 4 4 4 4 4 4 4 4 4 4 4 4 4 4 4 4 4 4 4 4 4 4 4 4 4 4 4 4 4 4 4 4 4 4 4 4 4 4 4 4 4 4 4 4 4 4 4 4 4 4 4 4 4 4 4 4 4 4 4 4 4 
36 36 36 36 36 36 36 36 36 36 36 36 36 36 36 36 36 36 36 36 36 36 36 36 36 36 36 36 36 36 36 36 36 36 36 36 36 36 36 36 36 36 36 36 36 36 36 36 36 36 36 36 36 36 36 36 36 36 36 36 36 36 36 36 36 36 36 36 36 36 36 36 36 36 36 36 36 36 36 36 36 36 36 36 36 36 36 36 36 36 36 36 36 36 36 36 36 36 36 36 36 36 36 36 36 36 36 36 36 36 36 36 36 36 36 36 36 36 36 36 36 36 36 36 36 36 36 36 36 36 36 36 36 36 36 36 36 36 36 36 36 36 36 36 36 36 36 36 36 36 36 36 36 36 36 36 36 36 36 36 36 36 36 36 36 36 36 36 36 36 36 36 36 36 36 36 36 36 36 36 36 36 36 36 36 36 36 36 36 36 36 36 36 36 36 36 36 36 36 36 36 36 36 36 36 36 36 36 36 36 36 36 
133 114 66 25 
152 126 77 22 
140 95 135 33 
159 77 204 151 
202 62 52 170 
55 9 63 71 
18 195 87 44 
102 73 145 158 
80 104 38 32 
56 109 183 75 
56 79 153 59 
146 157 156 149 
34 194 171 57 
1 145 142 113 
101 57 59 14 
177 175 191 179 
123 172 170 29 
24 192 78 193 
84 146 35 1 
110 51 9 182 
191 98 120 161 
168 41 164 60 
37 149 190 152 
110 61 117 144 
152 98 140 200 
206 87 140 80 
7 212 42 100 
149 174 122 186 
156 107 65 138 
158 17 25 13 
99 78 141 196 
113 68 99 94 
164 22 37 119 
73 109 121 51 
115 64 163 38 
74 75 39 76 
202 21 31 56 
153 60 49 198 
181 122 133 97 
175 176 187 12 
196 91 131 179 
99 126 148 39 
160 182 62 91 
46 193 147 65 
54 17 161 81 
144 80 109 3 
44 186 93 34 
100 210 184 169 
177 45 43 72 
203 100 158 122 
16 134 178 47 
126 130 14 120 
114 122 127 154 
198 38 141 182 
175 85 38 50 
155 186 65 105 
111 52 8 79 
107 157 168 199 
26 16 60 74 
23 163 68 86 
74 19 32 51 
190 35 68 70 
201 36 192 139 
183 135 112 68 
27 212 188 102 
211 204 23 165 
170 193 1 23 
182 205 204 92 
27 159 90 7 
140 6 28 157 
90 71 167 125 
149 52 54 200 
30 36 109 176 
41 209 44 171 
90 72 201 127 
58 184 87 76 
88 205 177 185 
21 137 33 7 
181 42 171 83 
133 174 148 151 
61 154 95 104 
5 123 118 14 
59 39 124 70 
49 81 15 11 
132 131 130 155 
176 144 208 19 
64 12 13 46 
73 93 95 112 
180 182 159 165 
137 179 201 3 
24 135 73 167 
36 158 48 57 
208 189 88 57 
40 208 167 181 
125 5 151 47 
148 128 20 199 
138 119 172 16 
36 63 19 187 
4 67 160 162 
142 114 92 78 
6 2 117 138 
81 93 183 110 
162 155 91 75 
138 20 132 191 
75 209 173 92 
9 86 2 136 
151 6 107 131 
69 34 150 159 
189 15 147 114 
67 194 173 60 
60 65 126 185 
69 137 186 207 
47 104 18 28 
77 195 43 175 
128 57 197 69 
112 94 87 13 
95 130 190 169 
9 130 183 85 
118 142 23 174 
86 85 141 127 
123 26 101 173 
166 182 177 61 
84 123 184 178 
23 189 203 94 
44 207 204 198 
183 82 172 166 
157 18 7 203 
197 143 9 126 
151 96 127 34 
124 164 81 69 
11 165 17 121 
64 180 73 70 
74 119 67 12 
29 67 191 193 
169 181 136 189 
20 32 88 143 
106 109 190 114 
77 53 18 63 
206 204 106 117 
102 84 210 99 
147 1 10 206 
48 41 184 67 
183 195 6 79 
106 192 91 17 
147 86 177 56 
97 189 25 77 
207 26 145 58 
4 93 87 211 
115 112 123 43 
79 143 200 127 
92 49 64 85 
50 48 136 27 
103 185 51 94 
114 101 111 108 
101 105 97 78 
33 66 173 147 
174 196 70 3 
83 50 22 193 
158 59 27 21 
96 71 84 105 
162 188 193 61 
151 40 14 195 
154 10 8 83 
66 207 120 136 
46 180 168 174 
26 64 194 138 
124 203 55 47 
17 28 135 111 
114 83 76 35 
174 183 111 187 
75 36 15 165 
163 73 166 171 
155 94 43 139 
96 207 64 124 
125 195 139 41 
135 150 194 35 
188 138 15 28 
29 131 40 55 
135 34 158 54 
147 208 132 141 
110 15 68 38 
169 168 211 42 
165 199 97 195 
83 89 36 133 
40 42 96 150 
81 177 145 41 
93 120 194 178 
142 154 37 7 
205 163 188 184 
148 212 61 176 
38 180 61 151 
106 181 93 11 
8 108 16 162 
170 168 127 77 
93 69 90 40 
12 130 205 15 
105 30 159 112 
102 33 146 80 
171 184 156 176 
57 93 155 1 
134 128 125 159 
102 92 31 201 
44 62 105 176 
14 198 133 74 
5 95 16 1 
3 13 181 37 
206 94 156 199 
146 21 138 173 
38 37 98 79 
80 164 100 172 
117 36 28 72 
128 186 4 23 
42 37 163 26 
34 197 191 136 
27 143 113 47 
68 95 63 89 
211 149 197 89 
103 155 52 180 
111 163 50 94 
168 14 73 172 
30 162 13 19 
50 202 65 49 
186 185 145 72 
169 6 198 71 
72 202 163 179 
103 161 152 146 
2 115 89 121 
32 139 170 64 
82 108 149 20 
206 201 141 211 
171 116 114 2 
166 71 4 40 
142 200 202 146 
205 79 57 164 
209 127 26 38 
80 110 55 176 
92 17 95 131 
40 111 30 206 
196 143 121 71 
193 17 119 151 
132 152 62 14 
167 115 76 161 
182 6 23 192 
2 198 125 111 
210 137 55 194 
42 75 118 27 
5 90 29 171 
170 161 46 135 
168 103 136 179 
136 144 157 210 
62 87 166 143 
191 25 61 72 
64 156 177 35 
84 29 53 187 
139 50 63 29 
139 169 15 60 
100 60 73 78 
70 10 153 93 
73 201 138 196 
58 35 192 105 
123 55 157 77 
3 158 130 128 
61 160 149 107 
79 76 108 80 
24 168 146 145 
157 177 102 15 
15 203 143 204 
53 186 112 108 
87 124 99 186 
113 38 4 192 
121 75 202 69 
190 120 153 25 
4 142 121 212 
27 148 12 66 
102 203 142 164 
68 120 180 177 
66 124 112 206 
145 127 98 182 
32 153 147 209 
184 36 54 1 
161 101 188 64 
111 63 129 161 
154 50 181 120 
45 132 23 8 
8 13 67 166 
71 10 161 176 
188 34 192 155 
7 205 113 73 
192 27 52 177 
84 209 83 196 
152 95 176 88 
92 151 178 118 
186 18 158 20 
35 125 200 199 
108 47 42 106 
129 209 87 6 
95 182 128 161 
118 97 211 154 
8 56 85 66 
67 109 163 63 
45 37 148 131 
56 37 84 116 
149 132 88 145 
56 138 168 90 
70 105 29 144 
39 9 109 175 
124 129 149 126 
133 19 188 60 
62 77 117 140 
122 22 103 59 
30 60 7 201 
133 128 135 179 
208 11 30 66 
116 194 80 72 
151 43 200 203 
178 132 41 115 
129 16 59 25 
82 70 21 24 
62 80 168 51 
117 103 131 173 
212 134 22 141 
94 129 143 96 
188 152 104 195 
145 83 68 34 
73 116 13 188 
200 171 138 11 
21 182 209 1 
90 32 4 144 
142 182 58 46 
163 101 85 151 
169 50 76 212 
133 18 123 50 
66 172 19 57 
19 91 130 26 
59 113 174 100 
146 22 197 88 
12 89 166 53 
105 180 12 163 
49 133 177 54 
105 106 85 82 
184 140 49 24 
75 145 30 79 
76 117 190 191 
34 190 113 124 
22 53 208 20 
78 153 72 157 
95 183 145 178 
134 173 162 68 
191 35 71 142 
18 188 41 129 
162 179 197 84 
138 109 94 178 
200 116 192 46 
196 104 199 110 
74 115 171 211 
19 141 185 175 
70 43 4 50 
39 81 84 132 
106 180 172 22 
165 106 113 197 
197 41 111 51 
53 40 155 146 
8 145 156 33 
18 94 119 60 
81 20 147 201 
33 28 211 27 
164 20 196 178 
173 199 207 152 
190 32 12 39 
51 86 22 202 
11 40 125 34 
83 135 26 205 
122 207 14 165 
168 173 159 31 
179 105 10 121 
10 35 24 90 
190 204 4 89 
7 72 115 105 
70 83 189 172 
82 190 192 119 
83 27 37 23 
150 26 189 8 
91 202 90 208 
52 119 25 102 
124 8 169 193 
169 10 52 197 
160 121 43 111 
75 47 61 14 
133 130 203 116 
24 210 172 165 
112 181 92 48 
190 110 164 83 
29 120 74 89 
174 25 184 101 
68 22 39 72 
143 132 177 53 
178 201 185 107 
185 169 47 120 
159 38 118 84 
140 66 93 18 
40 110 46 133 
69 204 9 111 
140 102 105 181 
96 11 26 191 
12 33 5 6 
98 45 65 1 
125 64 183 24 
205 181 17 1 
129 79 50 128 
17 8 198 201 
116 109 167 16 
92 109 55 28 
198 93 160 45 
206 187 11 170 
150 160 212 170 
87 188 190 148 
204 99 174 175 
188 191 171 203 
116 112 96 78 
35 67 100 176 
119 157 103 109 
128 195 42 63 
68 185 142 210 
68 186 178 104 
148 29 77 138 
87 161 14 201 
166 21 45 76 
50 132 150 182 
212 48 84 11 
157 179 101 141 
190 170 105 55 
134 137 115 190 
57 39 180 140 
149 142 103 165 
86 204 27 54 
46 80 209 61 
81 196 185 122 
174 152 112 10 
20 198 27 87 
30 152 86 138 
142 26 115 70 
192 112 147 37 
189 31 209 180 
42 203 10 88 
58 136 54 125 
179 41 104 181 
123 187 167 42 
45 137 99 181 
134 105 184 99 
97 143 52 186 
159 195 96 166 
70 97 152 13 
103 194 85 17 
127 178 31 60 
132 119 136 174 
100 52 77 179 
63 57 24 173 
141 69 43 63 
182 22 186 195 
1 31 179 171 
88 55 64 17 
144 162 111 74 
156 185 130 54 
88 90 37 110 
28 4 203 134 
23 30 43 130 
140 197 134 210 
191 144 75 64 
59 88 154 137 
81 2 139 154 
8 176 203 91 
108 23 49 98 
25 96 100 141 
175 94 84 117 
19 25 56 132 
69 31 120 206 
81 168 113 13 
61 45 64 129 
143 4 65 146 
138 105 128 24 
210 33 63 61 
9 78 82 84 
160 76 189 211 
147 80 113 119 
139 114 182 185 
59 171 43 53 
40 88 171 175 
19 64 11 86 
176 149 150 113 
147 144 12 63 
2 64 159 3 
85 54 28 146 
27 180 60 116 
112 189 75 29 
129 65 150 115 
166 83 97 14 
86 132 101 206 
80 204 158 78 
166 153 211 103 
9 167 189 54 
123 12 169 37 
142 38 11 172 
189 122 192 199 
167 2 25 165 
2 5 18 75 
141 15 58 17 
148 147 102 124 
92 123 70 162 
40 41 147 98 
65 86 100 198 
74 180 77 160 
196 202 125 186 
137 52 73 209 
134 196 85 25 
48 169 153 203 
114 107 99 71 
82 29 79 206 
198 187 127 57 
160 55 70 146 
46 118 171 93 
195 95 118 90 
175 80 27 193 
117 73 87 63 
181 162 20 131 
144 41 46 183 
204 49 195 200 
90 188 107 206 
55 56 6 97 
133 91 127 136 
45 171 47 164 
176 37 60 108 
131 89 116 81 
165 90 196 50 
131 101 204 194 
162 21 153 6 
29 1 19 28 
13 199 15 161 
39 182 13 66 
158 162 32 165 
5 7 211 78 
174 192 127 14 
73 71 194 151 
37 184 197 30 
58 121 137 172 
135 81 149 65 
70 20 207 111 
81 173 202 128 
19 97 49 190 
12 127 159 149 
7 125 117 129 
166 68 165 212 
67 126 133 96 
212 21 66 108 
92 187 194 128 
185 62 161 123 
87 134 95 121 
32 26 146 181 
138 150 181 27 
179 11 14 8 
33 196 41 170 
54 172 115 40 
10 60 57 40 
50 81 119 180 
52 71 65 178 
47 140 131 88 
19 6 76 118 
104 35 144 119 
177 129 92 89 
48 6 1 128 
64 167 53 83 
98 21 17 174 
163 20 104 57 
207 148 55 52 
199 32 79 89 
79 192 169 102 
152 65 89 85 
159 136 10 51 
41 87 17 70 
107 205 74 98 
13 33 31 107 
197 181 186 100 
158 184 9 146 
138 31 169 133 
61 178 42 173 
174 154 123 36 
117 160 176 179 
109 82 66 142 
15 40 91 22 
42 51 16 122 
45 147 85 142 
104 39 100 87 
26 33 3 92 
21 22 190 26 
41 32 34 92 
172 194 28 148 
123 19 124 80 
73 197 103 96 
169 186 129 140 
132 49 180 181 
86 133 45 71 
203 139 45 145 
96 47 179 56 
76 30 153 47 
207 1 56 72 
167 67 45 105 
106 102 97 110 
80 178 166 58 
28 89 58 11 
195 74 187 161 
129 60 159 202 
12 68 125 9 
167 38 29 86 
32 69 76 82 
181 44 192 196 
94 20 126 127 
102 162 128 209 
41 205 175 100 
115 50 98 185 
161 51 67 66 
95 205 117 156 
156 72 42 11 
170 133 13 6 
140 7 196 190 
115 82 175 71 
151 90 60 156 
48 209 179 65 
84 79 141 3 
194 78 89 143 
54 3 55 108 
194 31 59 86 
207 151 126 168 
93 37 115 170 
154 175 6 173 
162 208 205 157 
21 160 129 175 
13 75 117 159 
127 202 10 199 
36 168 132 91 
210 145 4 18 
32 127 140 130 
12 71 30 98 
169 19 180 205 
18 27 70 62 
100 199 137 4 
200 103 2 206 
65 196 29 175 
202 107 44 77 
201 46 32 16 
26 116 31 4 
163 100 19 211 
126 125 122 150 
163 51 135 143 
34 88 144 138 
2 177 122 23 
96 144 37 113 
212 93 145 86 
187 135 47 118 
57 156 44 178 
164 30 133 157 
102 195 136 126 
12 209 90 114 
6 200 66 44 
20 4 195 5 
115 147 6 194 
211 186 13 85 
200 188 185 119 
112 44 128 175 
53 120 33 151 
91 14 58 43 
118 150 148 202 
150 70 100 85 
192 123 21 9 
98 192 69 179 
116 47 209 71 
127 49 139 3 
95 96 146 192 
50 113 110 66 
106 118 31 115 
49 175 16 110 
201 65 145 121 
86 195 148 123 
177 141 113 162 
142 74 129 30 
146 107 37 109 
97 128 147 164 
200 34 99 8 
7 17 51 53 
203 198 25 186 
58 67 78 34 
159 48 21 103 
123 75 150 152 
58 38 206 122 
10 137 142 108 
180 113 91 97 
36 160 27 68 
184 82 164 27 
156 123 166 52 
208 172 76 156 
1 124 173 183 
138 81 70 120 
172 120 102 186 
201 18 22 177 
88 168 139 186 
128 75 208 100 
74 202 15 134 
8 131 19 199 
99 121 151 157 
149 114 44 58 
75 99 160 81 
115 120 189 73 
71 204 197 212 
171 169 82 75 
101 203 65 120 
177 107 42 36 
188 172 20 37 
46 178 83 122 
169 94 89 101 
191 148 36 178 
87 47 139 89 
184 51 187 6 
148 92 2 24 
48 162 2 204 
83 138 185 87 
59 52 81 60 
60 3 210 39 
163 174 182 16 
24 66 60 152 
201 9 193 41 
158 151 166 51 
97 51 175 119 
81 76 46 165 
2 7 123 104 
167 79 69 7 
69 148 14 181 
39 58 82 5 
116 62 175 159 
12 183 126 189 
13 124 109 108 
66 123 199 3 
104 191 167 164 
57 116 207 98 
62 29 100 94 
47 40 48 142 
158 39 187 65 
130 117 56 33 
185 174 129 102 
124 11 180 192 
180 34 198 202 
35 136 101 61 
160 195 207 19 
211 140 175 170 
106 159 67 146 
144 10 118 164 
161 189 206 175 
76 192 29 31 
147 42 135 55 
70 103 112 46 
121 25 53 197 
108 163 145 29 
24 201 130 44 
82 212 33 77 
179 50 200 170 
3 94 90 102 
101 43 10 15 
50 86 33 188 
76 84 41 85 
96 134 93 92 
101 128 127 58 
185 183 121 40 
172 162 211 143 
39 203 207 178 
119 197 93 77 
25 9 154 207 
125 32 210 98 
30 180 179 147 
55 72 35 162 
194 108 70 133 
199 130 112 179 
80 159 23 91 
143 58 41 64 
100 118 114 40 
192 194 158 43 
179 189 2 99 
73 18 170 191 
77 70 56 206 
123 10 145 155 
20 49 52 135 
51 206 84 64 
80 127 9 203 
112 42 56 145 
69 185 85 78 
126 29 205 119 
51 13 118 198 
54 32 23 22 
196 182 120 152 
172 118 128 131 
74 116 183 196 
190 156 61 71 
199 108 87 71 
119 48 167 3 
107 183 28 59 
205 141 82 178 
122 41 110 36 
174 159 85 35 
206 102 176 43 
39 167 97 36 
122 146 130 8 
7 62 65 127 
182 155 173 193 
32 119 191 14 
140 100 106 72 
130 189 139 52 
137 171 117 127 
146 208 209 125 
75 149 188 177 
181 126 173 74 
47 33 83 78 
103 144 167 130 
157 31 104 135 
158 82 167 159 
103 14 81 105 
140 27 92 25 
96 167 190 15 
207 94 61 40 
39 15 4 64 
194 14 82 53 
193 204 38 51 
12 124 107 43 
121 153 31 155 
211 6 15 63 
212 122 56 210 
15 151 155 8 
142 166 27 99 
60 187 33 17 
57 95 84 199 
69 80 211 136 
118 139 137 86 
198 134 112 80 
180 126 26 170 
62 11 50 146 
83 153 129 182 
20 39 168 150 
74 37 150 130 
201 80 170 48 
11 143 73 22 
2 174 82 74 
1 111 88 3 
212 92 43 99 
35 91 54 128 
118 209 124 103 
194 77 75 83 
179 36 186 144 
5 189 53 152 
157 145 90 22 
55 158 46 149 
155 55 196 82 
95 4 141 138 
131 183 129 5 
196 103 212 30 
15 84 208 115 
58 204 135 45 
59 106 138 1 
162 118 167 107 
99 136 95 163 
162 5 137 79 
156 83 144 137 
155 191 63 66 
26 136 184 52 
64 178 153 179 
160 199 54 193 
39 26 211 108 
36 163 169 43 
11 196 76 37 
199 158 68 175 
72 160 109 174 
55 126 73 8 
160 94 49 41 
2 57 68 62 
62 186 156 191 
160 134 206 127 
49 197 28 118 
124 132 90 30 
210 16 36 12 
141 158 139 120 
125 164 62 135 
59 48 72 173 
133 48 117 15 
130 69 97 184 
116 169 45 39 
84 16 176 193 
74 59 83 5 
211 61 83 161 
12 153 152 28 
205 116 115 143 
170 71 97 17 
49 155 6 109 
130 51 40 188 
148 82 3 50 
144 8 192 187 
4 106 74 184 
90 121 141 119 
173 99 130 191 
209 4 117 185 
212 130 115 88 
66 141 197 105 
63 115 122 198 
168 205 161 112 
211 75 110 105 
161 56 203 150 
74 193 34 209 
63 192 148 101 
172 91 95 78 
101 152 133 39 
96 51 176 77 
10 6 125 25 
19 170 21 186 
81 83 82 72 
201 184 112 166 
155 160 37 28 
16 186 7 86 
64 118 141 145 
194 174 201 165 
199 197 5 11 
195 80 150 156 
74 63 105 123 
209 10 111 211 
16 85 206 71 
106 13 128 122 
35 180 121 131 
208 97 60 58 
165 205 136 209 
71 58 112 150 
146 68 108 136 
128 121 110 47 
14 98 109 153 
57 54 76 131 
119 125 211 112 
99 25 145 159 
102 150 32 53 
163 55 140 121 
149 153 128 167 
79 11 126 204 
59 159 15 41 
10 196 36 87 
5 92 203 117 
165 104 109 148 
108 181 4 24 
144 139 159 16 
106 86 164 98 
77 114 10 115 
135 89 144 151 
139 14 106 54 
70 157 51 44 
132 160 95 66 
8 35 210 81 
165 147 31 8 
140 99 74 65 
200 36 29 26 
109 131 97 169 
104 184 72 129 
99 21 38 42 
9 34 161 122 
52 117 18 115 
128 204 181 62 
85 170 137 68 
52 154 106 194 
176 74 97 132 
46 119 49 36 
19 117 134 113 
1 2 135 8 
3 63 46 62 
56 120 148 160 
70 129 91 181 
29 47 73 152 
183 156 120 155 
197 91 144 27 
87 193 122 159 
78 122 88 180 
84 40 52 152 
93 71 68 192 
34 50 201 52 
77 183 30 181 
111 130 109 71 
88 44 158 2 
36 11 21 135 
212 10 14 17 
5 66 145 143 
89 44 7 208 
188 187 141 154 
15 124 24 154 
24 134 6 166 
133 73 184 192 
82 31 46 137 
76 182 124 17 
110 13 167 132 
121 149 101 207 
61 132 192 100 
174 131 73 68 
89 98 134 130 
36 130 180 20 
34 165 13 119 
16 203 137 24 
88 60 71 184 
28 106 199 143 
110 98 28 136 
109 18 209 79 
18 92 16 30 
202 171 126 98 
80 105 43 42 
99 90 112 177 
97 63 38 140 
23 111 138 158 
106 15 104 55 
204 184 137 116 
86 205 131 211 
181 165 22 184 
200 40 77 38 
117 201 42 70 
48 49 31 205 
139 21 23 77 
13 91 10 2 
118 69 83 155 
51 39 49 25 
202 137 164 64 
196 102 151 161 
19 146 92 98 
173 77 208 145 
212 28 191 94 
209 39 29 8 
151 110 130 137 
4 173 129 120 
187 95 101 49 
61 202 204 66 
123 103 116 210 
157 183 148 108 
8 76 9 43 
146 49 212 74 
208 174 124 63 
102 211 114 208 
103 156 43 162 
186 154 57 204 
91 28 125 50 
126 50 72 41 
91 103 88 18 
28 75 96 45 
209 141 33 191 
163 160 78 98 
114 79 121 67 
207 21 161 32 
13 54 43 89 
34 38 94 149 
151 202 35 205 
24 126 164 186 
203 194 202 20 
140 118 189 35 
69 203 125 96 
96 193 171 153 
104 205 11 105 
207 60 45 140 
33 59 108 155 
59 166 109 185 
141 16 207 142 
26 128 56 65 
96 3 117 194 
68 18 64 54 
191 53 46 39 
201 71 25 123 
175 11 198 145 
167 14 60 138 
93 148 200 80 
109 208 43 136 
182 147 172 84 
31 45 41 95 
193 110 154 202 
175 78 54 63 
21 39 10 50 
187 190 103 9 
136 89 162 49 
53 99 35 203 
1 133 200 33 
150 6 72 193 
119 115 139 179 
25 94 177 1 
14 20 56 30 
62 22 120 149 
134 40 132 102 
132 108 207 103 
32 91 163 30 
68 148 107 105 
63 44 84 119 
202 177 79 13 
37 17 6 57 
83 125 94 124 
44 38 152 164 
182 26 144 7 
117 17 126 107 
104 141 1 60 
65 3 32 206 
18 136 164 19 
183 39 62 69 
40 158 210 101 
202 136 131 112 
134 153 45 124 
97 7 188 158 
152 35 51 27 
110 59 206 45 
81 16 57 77 
107 21 110 134 
75 53 49 210 
166 168 47 196 
5 13 121 187 
96 59 169 9 
45 13 27 200 
74 66 17 169 
1 161 107 55 
23 53 123 72 
38 52 121 108 
187 139 110 35 
150 11 134 1 
154 54 209 94 
113 154 185 164 
31 174 55 34 
93 195 65 173 
128 22 205 155 
87 207 97 31 
100 143 154 165 
7 166 107 57 
3 147 197 154 
43 127 87 67 
120 78 51 46 
90 163 130 193 
20 24 107 11 
173 140 137 160 
119 171 7 39 
48 101 44 29 
150 172 207 146 
38 126 57 112 
142 201 43 106 
181 141 143 61 
55 153 191 2 
10 32 99 183 
138 100 89 127 
92 138 40 164 
182 101 183 154 
16 125 158 105 
95 62 203 208 
53 3 135 110 
158 95 113 86 
163 150 28 9 
58 151 167 27 
45 14 210 199 
145 20 204 91 
190 197 189 47 
189 156 24 56 
9 141 35 153 
90 122 104 77 
124 179 95 44 
13 77 147 7 
55 127 36 50 
91 211 195 190 
21 64 111 5 
118 127 120 210 
174 198 157 47 
37 87 212 69 
14 86 149 143 
159 28 68 208 
167 206 92 193 
188 48 83 208 
206 113 35 163 
21 51 199 208 
181 103 98 111 
81 195 94 107 
56 12 61 93 
190 175 180 162 
116 44 126 154 
56 158 191 91 
188 110 118 77 
16 180 199 184 
16 157 131 48 
93 122 188 117 
50 186 107 5 
177 50 142 84 
35 198 149 19 
121 64 130 136 
197 208 135 160 
155 81 194 159 
66 189 196 210 
86 128 180 196 
180 185 67 101 
5 166 28 23 
206 178 139 6 
184 177 47 212 
161 198 78 30 
172 140 199 42 
134 31 78 65 
28 141 161 180 
11 67 157 75 
42 162 3 29 
45 149 168 5 
167 198 173 89 
20 9 47 38 
14 206 4 25 
46 67 50 141 
207 53 104 169 
95 162 100 149 
87 144 86 120 
21 80 16 183 
107 147 184 19 
18 69 144 200 
17 68 155 29 
205 10 167 106 
106 68 26 61 
50 187 58 37 
56 43 104 98 
44 21 168 54 
152 183 87 102 
86 60 183 146 
136 5 139 105 
103 80 135 84 
37 62 210 151 
131 197 159 115 
144 202 143 161 
65 139 157 24 
105 194 207 18 
29 58 69 129 
148 189 158 121 
212 156 179 187 
199 186 162 150 
182 88 86 36 
185 184 17 173 
68 204 115 60 
116 106 134 88 
190 90 64 116 
54 119 101 118 
133 185 5 24 
99 22 123 98 
157 202 197 132 
30 202 149 42 
108 193 158 177 
48 78 137 61 
116 128 17 32 
20 167 112 113 
57 11 23 92 
75 70 102 199 
197 56 44 15 
114 183 3 212 
126 80 141 6 
40 176 116 174 
178 49 73 142 
112 157 4 1 
209 104 134 156 
23 171 63 160 
210 198 31 131 
168 114 63 17 
131 191 152 139 
114 85 169 18 
198 5 158 178 
107 171 101 9 
40 189 184 124 
95 25 22 211 
110 7 23 56 
68 202 76 1 
134 9 180 7 
160 31 42 139 
175 5 67 155 
125 165 160 3 
91 34 146 77 
129 187 82 56 
88 41 157 39 
110 48 34 30 
77 80 36 73 
168 183 206 104 
171 77 177 14 
163 125 201 45 
137 75 90 129 
108 206 143 95 
140 23 59 46 
75 24 93 204 
99 139 132 162 
18 154 23 208 
163 116 58 195 
207 67 192 129 
193 142 161 184 
45 104 189 4 
140 108 17 202 
12 158 58 31 
187 41 208 14 
79 34 63 81 
166 72 203 131 
114 181 194 163 
110 79 194 100 
53 55 10 61 
21 128 117 46 
62 33 157 98 
126 115 75 78 
212 136 107 137 
184 31 91 96 
42 32 52 35 
80 89 86 207 
16 126 76 97 
76 24 34 72 
172 101 79 68 
133 75 146 154 
191 97 200 162 
127 163 172 107 
112 82 23 65 
207 184 92 8 
113 49 76 137 
35 20 102 103 
135 184 141 57 
154 91 99 152 
55 26 43 84 
124 168 210 78 
26 13 149 140 
171 182 71 210 
90 62 15 54 
72 33 205 65 
198 129 166 36 
202 209 9 155 
12 172 88 52 
174 12 188 24 
29 176 92 136 
44 68 140 122 
22 12 1 100 
25 20 169 118 
23 179 88 9 
178 99 111 12 
113 84 74 101 
32 47 70 200 
34 168 133 106 
98 52 31 24 
129 116 156 165 
160 97 196 96 
127 148 179 54 
16 39 83 93 
65 79 47 25 
21 30 144 127 
185 189 32 96 
45 91 126 156 
135 169 209 200 
138 147 125 149 
113 51 90 55 
190 194 122 74 
137 80 67 165 
41 23 25 156 
150 86 153 151 
198 177 130 164 
165 183 72 170 
30 136 100 46 
89 178 172 187 
188 43 131 38 
144 71 173 38 
200 154 109 78 
12 155 157 86 
40 178 209 76 
106 29 212 41 
194 132 51 169 
177 67 97 20 
21 73 149 206 
183 122 54 98 
168 111 4 82 
33 22 71 69 
94 172 151 134 
198 32 66 9 
79 103 66 104 
111 195 142 62 
147 134 168 72 
42 1 73 44 
87 208 2 42 
26 177 48 28 
38 23 153 161 
106 89 5 157 
139 85 48 197 
64 30 189 50 
88 191 113 129 
164 67 206 195 
38 190 59 203 
102 165 19 89 
121 3 20 193 
30 84 131 114 
124 166 26 197 
139 135 27 173 
186 131 123 200 
169 125 38 55 
155 127 164 212 
152 94 205 8 
204 5 140 208 
182 187 27 85 
11 160 108 210 
85 57 120 179 
62 147 198 83 
165 18 189 51 
87 16 11 98 
188 145 211 32 
22 92 9 67 
133 43 120 205 
18 156 96 139 
89 112 40 64 
121 32 113 208 
198 3 170 143 
84 136 90 148 
48 118 52 37 
10 104 81 126 
52 94 182 122 
109 201 11 101 
12 109 198 70 
29 194 157 95 
170 101 155 27 
17 200 100 147 
67 116 182 77 
18 6 67 89 
5 202 113 172 
58 111 42 81 
13 40 1 137 
4 85 47 167 
212 185 181 12 
2 36 185 170 
19 204 22 110 
10 143 122 82 
110 129 54 208 
182 191 41 112 
190 199 174 178 
50 12 145 60 
60 38 25 87 
36 188 204 114 
200 182 117 14 
177 153 115 210 
48 69 116 198 
137 109 32 8 
118 113 63 58 
34 175 47 126 
148 30 70 171 
3 47 150 97 
27 39 79 117 
6 163 148 34 
92 86 90 46 
120 23 19 114 
74 93 152 177 
32 24 117 195 
203 36 104 85 
171 60 125 79 
173 211 54 84 
90 109 44 147 
83 204 169 88 
162 44 37 106 
27 103 141 189 
134 133 59 69 
164 59 208 112 
193 143 190 179 
57 33 49 9 
157 93 150 142 
197 33 76 109 
76 193 103 4 
67 204 82 150 
175 48 81 144 
83 108 195 120 
66 80 101 186 
46 152 114 54 
45 73 66 187 
149 173 79 15 
185 53 70 134 
176 198 192 59 
3 153 205 207 
189 143 212 195 
73 210 132 203 
25 84 86 111 
59 172 201 75 
133 29 4 2 
178 128 170 7 
172 44 193 53 
118 60 166 205 
111 38 157 45 
81 200 156 85 
43 143 16 29 
54 192 26 66 
44 100 108 170 
149 2 201 97 
46 96 35 2 
89 96 119 154 
212 31 117 123 
119 150 43 79 
175 122 96 72 
66 117 166 180 
122 176 163 49 
65 69 51 36 
35 4 80 97 
2 137 15 166 
174 110 65 76 
64 182 34 37 
170 67 156 147 
73 6 130 59 
48 4 126 200 
45 26 159 141 
120 92 124 6 
133 209 93 78 
205 102 58 109 
7 29 153 165 
71 160 188 128 
128 201 176 99 
111 188 150 165 
106 144 78 123 
108 15 89 201 
74 41 62 55 
10 156 201 110 
124 146 167 199 
61 118 206 138 
116 5 193 94 
76 78 207 28 
136 206 20 13 
106 120 171 8 
168 27 154 115 
16 67 132 64 
82 163 191 54 
56 151 88 100 
170 76 159 66 
146 114 135 87 
163 84 161 47 
178 168 59 98 
95 12 197 81 
210 93 48 7 
211 152 1 67 
176 119 107 72 
111 22 189 61 
123 176 13 76 
21 78 8 119 
190 79 139 112 
135 212 124 60 
64 6 95 102 
71 155 195 23 
132 31 196 63 
18 61 196 13 
79 151 165 187 
152 108 115 96 
131 171 36 208 
173 158 161 114 
142 134 183 63 
77 113 156 153 
30 26 97 41 
57 111 190 210 
107 164 49 70 
75 181 16 200 
195 110 82 203 
105 77 120 187 
187 88 164 99 
150 94 192 171 
87 154 92 170 
27 176 145 94 
37 94 114 24 
204 199 74 138 
194 161 145 104 
18 82 131 113 
53 129 114 62 
116 132 65 111 
22 109 115 173 
171 21 62 124 
69 178 38 13 
18 101 137 153 
55 168 209 69 
72 161 31 164 
61 69 28 102 
114 42 141 166 
169 21 122 28 
176 112 200 28 
68 205 69 52 
168 142 33 101 
31 71 136 186 
55 79 44 185 
79 96 178 90 
156 34 14 3 
138 177 78 174 
1 83 159 130 
114 72 155 47 
96 212 98 39 
66 162 10 58 
8 24 7 47 
91 69 174 49 
57 161 148 149 
53 176 34 153 
102 17 9 149 
148 143 187 48 
168 140 30 2 
74 125 153 104 
105 164 183 25 
53 144 170 174 
18 122 152 33 
211 123 159 40 
176 180 158 197 
191 199 181 86 
140 11 29 177 
176 89 125 185 
53 105 130 93 
8 28 103 64 
25 55 166 91 
106 3 73 35 
35 196 88 211 
147 121 203 93 
22 151 65 114 
159 53 57 71 
126 59 193 135 
165 107 16 88 
191 154 48 70 
99 103 120 26 
3 187 186 30 
43 180 37 138 
65 123 197 20 
90 108 189 166 
176 188 157 3 
48 74 135 207 
162 18 46 9 
19 156 20 40 
33 42 85 23 
116 41 185 136 
160 85 34 131 
207 95 15 51 
78 62 155 107 
44 31 25 151 
62 5 17 196 
5 127 68 42 
182 208 143 99 
46 57 8 129 
99 14 144 146 
26 9 168 165 
185 167 172 26 
175 22 135 153 
118 199 7 176 
121 174 19 94 
54 155 142 56 
59 50 147 35 
195 162 85 11 
105 172 27 111 
63 5 93 98 
7 164 151 169 
52 211 124 181 
125 140 155 61 
45 209 24 100 
67 91 93 72 
15 46 210 163 
85 138 46 108 
38 139 138 10 
91 61 167 57 
6 205 16 61 
105 114 38 150 
187 62 81 32 
63 82 49 45 
146 78 129 39 
137 102 125 44 
58 53 175 164 
203 37 63 201 
37 67 179 33 
121 76 100 15 
73 173 39 186 
146 195 17 191 
42 209 142 119 
85 121 171 6 
2 93 144 132 
8 170 142 158 
23 51 12 134 
104 115 192 33 
153 4 19 194 
134 52 109 46 
106 2 202 19 
132 89 1 188 
175 98 25 143 
4 72 92 21 
145 152 148 19 
196 123 28 126 
45 83 80 12 
95 85 59 191 
117 124 51 178 
52 167 195 145 
33 113 103 171 
42 133 92 20 
49 58 170 59 
192 125 1 166 
198 81 56 102 
73 139 204 90 
116 157 87 147 
69 188 210 2 
75 10 94 7 
173 56 53 190 
111 148 53 154 
70 183 119 61 
56 87 105 22 
133 56 107 193 
84 154 190 58 
44 104 22 97 
127 121 135 23 
15 7 193 52 
33 131 111 24 
24 132 58 200 
14 193 113 48 
49 104 151 117 
142 41 2 83 
153 82 160 17 
201 88 133 210 
75 179 43 113 
24 182 55 178 
21 20 75 106 
152 171 198 76 
125 118 15 179 
73 56 182 57 
189 93 55 19 
172 175 7 61 
170 151 28 113 
51 153 58 212 
18 56 159 36 
15 47 37 136 
102 55 13 59 
41 43 3 161 
129 163 155 203 
205 172 174 191 
6 108 168 105 
38 158 132 129 
191 202 184 206 
63 10 158 76 
64 165 91 157 
175 156 108 93 
139 107 76 67 
119 15 30 1 
37 117 202 135 
65 142 59 204 
136 178 167 180 
163 33 138 175 
74 35 186 188 
68 74 117 143 
82 43 210 6 
161 131 127 11 
11 141 47 12 
90 111 173 14 
105 185 28 193 
151 197 108 97 
3 169 4 177 
154 201 49 103 
132 198 183 159 
95 11 166 10 
49 102 83 29 
200 145 153 39 
210 79 147 58 
2 31 141 109 
5 126 194 191 
24 141 51 83 
130 42 48 94 
178 25 113 152 
104 138 25 137 
114 123 93 137 
67 113 83 203 
122 17 134 30 
177 87 160 9 
46 121 1 195 
187 2 76 150 
124 106 32 7 
184 170 114 157 
190 67 14 142 
160 79 116 20 
64 187 147 94 
192 57 162 50 
38 183 18 8 
122 67 70 19 
131 146 27 3 
200 180 107 41 
125 8 63 188 
167 139 140 143 
205 149 199 77 
68 133 47 80 
129 211 144 98 
210 128 156 74 
54 48 196 111 
209 107 174 95 
202 167 101 32 
212 54 174 80 
171 61 84 157 
137 185 128 111 
84 183 45 143 
71 19 72 103 
27 34 169 112 
46 66 20 89 
128 104 52 150 
66 176 78 131 
119 2 40 59 
48 106 176 90 
88 28 97 81 
118 181 96 65 
16 130 102 187 
115 141 29 23 
170 34 164 166 
212 190 202 24 
51 104 30 160 
65 194 200 208 
195 50 9 16 
22 5 209 81 
159 209 199 98 
149 98 29 66 
53 101 69 140 
117 147 26 162 
114 81 33 91 
26 206 23 89 
72 10 86 5 
120 165 140 82 
82 16 104 147 
22 85 136 14 
165 42 57 124 
109 150 7 177 
31 112 9 172 
101 208 6 196 
130 81 192 178 
154 65 17 163 
144 84 207 125 
39 201 19 159 
145 74 96 61 
153 139 33 148 
49 203 21 79 
188 108 5 135 
43 44 132 153 
85 40 148 135 
36 96 99 199 
75 186 32 138 
114 124 82 198 
38 75 135 116 
189 113 123 207 
210 121 106 50 
49 8 12 115 
44 69 131 46 
205 146 51 127 
12 186 92 161 
166 179 70 22 
111 119 83 170 
93 176 124 101 
77 94 166 31 
53 94 88 73 
134 13 192 126 
37 174 139 211 
28 156 158 164 
181 87 110 168 
92 126 62 56 
9 61 185 11 
63 200 60 121 
157 26 100 187 
42 183 207 115 
22 8 127 4 
78 169 182 68 
52 56 204 196 
75 180 63 4 
69 1 172 196 
92 91 39 110 
145 122 164 48 
207 88 118 193 
142 21 52 53 
20 146 71 59 
134 44 86 26 
184 211 122 132 
27 30 137 96 
40 58 117 86 
70 167 168 23 
154 150 121 62 
105 160 64 209 
72 198 208 138 
54 197 39 120 
89 195 73 25 
168 99 37 18 
134 35 57 181 
36 116 24 151 
77 95 193 165 
152 78 71 79 
40 179 161 35 
10 97 85 204 
176 140 41 103 
105 36 92 145 
33 4 73 99 
173 100 58 13 
91 46 29 87 
52 120 45 17 
34 60 154 107 
35 34 123 15 
47 211 194 62 
95 180 133 125 
3 115 182 87 
14 110 78 197 
204 173 201 189 
21 120 60 143 
158 112 60 6 
206 44 190 123 
171 64 128 80 
69 201 23 162 
194 45 90 185 
103 45 54 7 
199 55 151 212 
70 16 188 197 
119 206 148 129 
43 27 31 191 
195 100 130 68 
99 50 155 171 
133 77 102 163 
169 144 62 72 
32 85 155 177 
146 41 186 118 
205 142 110 192 
89 148 164 42 
189 127 13 84 
53 90 80 2 
126 144 190 184 
86 162 109 17 
152 156 109 181 
18 97 179 12 
25 149 116 208 
98 112 173 133 
71 193 100 66 
155 38 88 136 
175 203 149 1 
1908 1843 1749 1719 1674 1662 1571 1521 1414 1368 1324 1262 1250 1119 1115 1097 1083 1080 970 862 847 699 604 569 536 460 408 406 327 280 205 200 141 67 19 14 
1899 1779 1750 1739 1693 1678 1661 1655 1581 1487 1478 1477 1468 1417 1369 1140 1021 984 970 878 846 783 732 722 721 654 645 505 504 491 470 244 231 227 106 101 
1876 1759 1732 1709 1607 1603 1594 1569 1463 1433 1400 1379 1266 1246 1198 1147 1128 1098 1064 971 898 847 800 763 739 725 675 629 627 592 491 262 206 157 90 46 
1868 1842 1839 1732 1664 1659 1492 1486 1468 1453 1415 1361 1284 1250 1202 1031 947 903 900 857 825 663 649 644 639 479 465 377 357 328 273 270 232 212 148 99 
1812 1797 1790 1740 1631 1618 1617 1507 1412 1387 1372 1265 1257 1235 1218 1199 1190 1181 1161 1111 987 945 923 891 865 858 853 735 663 540 505 405 247 205 95 82 
1880 1804 1726 1712 1654 1641 1528 1494 1491 1435 1411 1247 1191 1092 1081 991 915 896 830 720 664 662 633 622 569 566 535 528 405 296 243 224 143 107 101 70 
1885 1802 1751 1703 1688 1679 1632 1625 1575 1520 1497 1469 1263 1261 1158 1134 1127 1104 1095 988 920 808 733 732 687 623 550 540 378 311 288 188 127 78 69 27 
1839 1821 1761 1757 1656 1620 1592 1575 1525 1510 1429 1386 1307 1036 1029 970 956 955 899 876 832 807 706 686 559 471 410 385 382 363 299 285 284 193 163 57 
1835 1803 1789 1748 1622 1609 1579 1450 1395 1364 1326 1319 1263 1258 1201 1155 1149 1112 1077 1036 962 789 773 728 672 611 582 500 482 402 306 128 118 106 20 6 
1865 1797 1735 1715 1679 1639 1574 1504 1419 1403 1292 1211 1141 1076 1021 986 950 944 926 915 786 764 753 693 637 577 562 444 438 386 376 375 286 258 163 141 
1835 1735 1728 1727 1629 1589 1405 1393 1389 1243 1197 1132 1119 1068 1058 985 942 923 873 845 840 747 621 608 559 502 488 429 414 404 371 326 313 192 131 84 
1903 1824 1821 1728 1667 1657 1519 1423 1416 1406 1354 1327 1324 1321 1320 1286 1173 893 883 828 737 661 641 611 549 501 490 405 369 338 337 274 196 133 87 40 
1898 1869 1830 1708 1556 1531 1524 1509 1414 1314 1158 1113 1111 1091 1050 1021 1001 995 928 793 738 665 636 622 580 538 537 477 452 325 285 221 206 116 87 30 
1877 1800 1753 1729 1691 1621 1569 1426 1287 1273 1202 1165 1151 1084 1069 986 952 935 826 821 810 734 669 559 541 496 426 388 373 241 220 204 162 82 52 15 
1873 1719 1707 1700 1688 1650 1637 1614 1502 1487 1460 1316 1245 1013 990 943 887 860 832 830 825 823 764 705 588 537 506 267 266 256 196 181 177 171 109 84 
1887 1799 1789 1783 1641 1600 1541 1512 1474 1393 1335 1300 1207 1179 1178 1145 1107 1062 1007 1002 948 927 920 890 883 726 679 648 589 411 317 205 193 97 59 51 
1901 1871 1806 1747 1694 1652 1617 1579 1409 1285 1254 1241 1230 1210 1114 1096 1092 994 986 895 834 687 578 571 506 461 453 410 408 240 237 168 144 131 45 30 
1903 1859 1757 1706 1609 1585 1557 1551 1531 1411 1397 1392 1280 1256 1224 1209 1099 1065 1044 1007 1006 963 784 702 643 639 505 400 364 350 332 293 138 127 113 7 
1808 1774 1758 1702 1665 1661 1659 1626 1610 1437 1418 1378 1208 1183 1099 1026 969 916 750 706 650 642 596 566 548 536 488 475 356 334 333 308 221 98 86 61 
1848 1776 1754 1698 1672 1610 1605 1509 1379 1358 1325 1309 1242 1201 1152 1132 1084 1054 1000 842 787 715 663 615 572 546 524 439 367 365 345 293 229 136 104 96 
1879 1847 1811 1698 1664 1562 1555 1525 1359 1337 1293 1215 1207 1170 1161 1108 1076 1049 1020 985 961 916 690 672 635 593 571 553 535 427 327 318 208 159 78 37 
1839 1825 1800 1790 1686 1683 1624 1597 1554 1523 1418 1395 1362 1324 1260 1236 1124 1085 1016 854 845 794 702 593 588 459 395 370 359 345 336 321 310 158 33 2 
1883 1853 1796 1784 1687 1657 1611 1529 1437 1371 1345 1326 1306 1280 1277 1261 1252 1243 1190 1116 1020 1012 794 779 654 472 466 381 284 243 212 124 119 67 66 60 
1861 1786 1741 1697 1690 1689 1635 1575 1548 1439 1331 1321 1301 1278 1235 1223 1154 1132 1053 1002 991 990 947 760 727 721 480 457 407 390 376 341 318 265 91 18 
1904 1858 1744 1743 1663 1616 1593 1583 1466 1424 1345 1336 1325 1260 1202 1083 1067 1023 938 915 822 773 758 688 514 504 475 473 394 384 317 272 252 146 30 1 
1849 1837 1796 1794 1623 1622 1602 1538 1493 1475 1381 1370 1314 1312 1212 1095 1063 958 871 868 839 649 593 592 557 441 404 382 372 334 235 213 166 147 121 59 
1889 1851 1775 1759 1630 1547 1511 1446 1434 1408 1388 1382 1150 1113 1105 976 833 822 696 695 643 558 522 493 439 435 381 366 289 274 246 215 159 152 69 65 
1832 1781 1730 1704 1666 1592 1563 1562 1560 1508 1370 1196 1190 1166 1149 1045 1042 1028 1005 1004 919 893 881 801 608 595 536 492 465 412 366 211 177 168 113 70 
1870 1792 1784 1736 1589 1497 1474 1468 1407 1356 1322 1225 1210 1198 1135 1029 974 958 792 759 755 742 646 612 536 517 494 425 393 305 255 254 247 178 134 17 
1851 1787 1747 1719 1603 1581 1538 1432 1380 1374 1349 1337 1270 1238 1193 1088 1084 1007 982 882 859 775 683 659 641 603 543 466 440 342 313 311 238 221 197 73 
1889 1828 1803 1739 1616 1566 1559 1530 1480 1331 1297 1286 1264 1253 1195 1125 1122 1073 1019 993 956 829 819 755 678 649 630 583 580 476 460 454 443 374 202 37 
1894 1816 1769 1751 1643 1439 1429 1399 1394 1364 1338 1329 1298 1241 1141 1098 1088 1049 939 810 794 774 648 640 613 594 574 557 539 369 328 279 228 136 61 9 
1868 1810 1795 1723 1689 1671 1658 1649 1611 1585 1565 1452 1450 1362 1317 1294 1080 1060 1046 834 817 765 761 745 668 592 580 560 481 405 366 363 198 156 78 3 
1873 1872 1785 1775 1613 1578 1569 1489 1435 1431 1330 1301 1288 1270 1267 1122 1051 1001 981 962 910 748 689 686 653 594 371 344 324 287 214 179 129 108 47 13 
1873 1864 1860 1724 1628 1595 1594 1486 1478 1309 1298 1183 1169 1155 1118 1105 1079 1055 1052 955 929 849 804 776 749 567 420 376 349 294 260 253 176 169 62 19 
1867 1861 1815 1706 1534 1485 1440 1425 1417 1318 1271 1229 1159 1000 985 968 958 944 883 872 852 806 803 718 714 695 638 585 280 211 184 171 98 92 73 63 
1859 1831 1720 1707 1649 1648 1604 1548 1489 1445 1402 1220 1213 1164 1092 919 873 843 715 684 655 632 543 531 501 464 442 381 302 301 213 209 206 188 33 23 
1907 1818 1757 1713 1642 1639 1556 1472 1424 1384 1377 1371 1352 1351 1201 1137 1117 1094 1051 1017 1011 961 827 692 612 502 399 270 235 209 191 181 55 54 35 9 
1857 1844 1808 1737 1651 1645 1573 1434 1335 1269 1134 1100 1076 1066 1029 1023 913 889 871 842 825 806 771 744 735 725 591 538 433 395 369 358 306 83 42 36 
1864 1852 1814 1779 1610 1586 1414 1398 1355 1259 1248 1143 1101 1086 1017 979 897 824 781 769 743 588 562 561 509 487 401 371 362 238 232 195 185 178 162 94 
1895 1866 1760 1709 1693 1612 1538 1503 1421 1356 1345 1287 1269 1073 1043 943 877 803 780 766 728 617 594 578 560 525 509 446 361 350 316 186 175 142 74 22 
1897 1838 1801 1742 1672 1653 1618 1611 1561 1413 1369 1368 1298 1264 1238 1198 1194 1018 1009 961 790 756 714 621 589 584 447 444 422 295 246 213 185 182 79 27 
1889 1813 1726 1709 1696 1604 1481 1474 1396 1351 1312 1214 1138 1129 1071 1050 1040 1036 1009 872 848 828 805 782 764 669 486 466 458 387 357 315 173 149 114 49 
1881 1849 1822 1813 1686 1646 1616 1567 1476 1470 1445 1443 1368 1323 1245 1215 1175 1157 1135 1094 1090 988 984 953 760 708 667 662 658 647 614 203 125 74 47 7 
1885 1884 1871 1773 1667 1644 1635 1493 1472 1459 1339 1284 1274 1199 1151 1113 1106 1103 1073 1059 1045 889 861 605 601 600 590 530 478 448 427 413 406 301 284 49 
1870 1822 1776 1749 1660 1638 1637 1620 1609 1478 1458 1436 1349 1293 1277 1203 1130 1066 993 971 968 855 757 731 716 648 525 520 436 401 353 329 248 165 87 44 
1874 1764 1728 1707 1575 1572 1517 1433 1431 1415 1336 1329 1201 1192 1163 1153 1110 974 934 817 743 719 674 657 603 602 565 530 398 388 295 215 167 113 95 51 
1845 1780 1767 1742 1691 1608 1601 1580 1520 1492 1455 1428 1402 1373 1370 1270 1240 1179 1168 1135 1019 887 886 844 800 743 722 690 626 569 515 429 391 152 142 92 
1821 1811 1736 1733 1692 1673 1644 1576 1540 1484 1450 1308 1249 1109 1078 1037 1032 1023 1019 968 896 881 877 787 679 675 599 548 526 472 341 339 222 151 84 38 
1891 1820 1789 1756 1628 1423 1374 1213 1203 1182 1181 1159 1076 1043 1042 981 898 840 765 762 677 618 563 533 428 409 357 332 331 283 255 222 219 158 152 55 
1823 1787 1741 1705 1669 1657 1614 1485 1392 1357 1342 1170 1130 1105 1023 953 914 897 827 793 788 730 729 720 687 652 619 589 577 370 361 319 153 61 34 20 
1871 1847 1841 1777 1688 1670 1660 1633 1564 1404 1402 1331 1320 1298 1117 981 979 966 963 868 812 787 724 697 573 564 513 456 450 386 384 289 218 72 57 5 
1899 1847 1829 1793 1681 1680 1647 1598 1591 1584 1578 1552 1470 1461 1292 1204 1147 1116 1109 1079 1066 939 853 826 758 687 668 570 486 396 362 345 337 268 254 138 
1885 1857 1770 1767 1627 1513 1475 1458 1442 1420 1360 1334 1316 1234 1215 1120 1075 1065 1050 952 936 870 849 794 629 561 500 492 463 445 435 339 280 179 72 45 
1886 1708 1702 1697 1593 1567 1558 1503 1384 1342 1312 1292 1159 1140 1122 1115 1013 940 876 856 855 776 756 629 573 528 519 461 431 412 261 245 236 178 167 6 
1841 1834 1706 1701 1684 1683 1680 1675 1627 1514 1268 1261 1245 1214 1176 1173 1154 1084 1063 972 909 831 790 785 745 604 602 528 475 304 302 299 145 37 11 10 
1860 1801 1756 1701 1640 1620 1598 1577 1539 1450 1390 1310 1243 1137 1127 1107 1092 1041 936 878 835 741 658 572 562 518 457 433 333 234 200 115 93 92 15 13 
1869 1852 1738 1705 1690 1685 1673 1647 1574 1496 1430 1413 1286 1281 1225 1213 1150 932 930 861 780 768 735 708 692 689 669 608 607 544 506 445 329 260 147 76 
1848 1779 1721 1708 1673 1668 1628 1599 1518 1491 1467 1462 1448 1447 1377 1277 1112 1106 1061 1060 943 891 886 862 801 724 630 486 469 335 317 310 159 83 15 11 
1880 1879 1872 1836 1527 1471 1441 1424 1423 1231 1217 1097 1069 1059 1003 930 834 727 725 724 625 610 562 531 493 454 364 311 308 257 256 111 110 59 38 22 
1835 1809 1771 1703 1682 1641 1640 1634 1560 1531 1523 1506 1292 1240 1212 1173 1139 1033 997 892 824 798 749 584 481 478 436 388 263 252 191 190 161 122 81 24 
1893 1874 1854 1834 1643 1617 1615 1555 1552 1503 1391 1366 1316 1294 1220 1146 1100 1085 971 964 885 879 878 840 808 742 736 643 555 319 309 251 241 203 43 5 
1842 1836 1761 1715 1648 1644 1631 1536 1530 1430 1288 1254 1252 1090 1075 1038 1011 971 925 911 906 867 830 523 490 481 458 457 422 300 282 255 216 138 98 6 
1882 1855 1755 1716 1592 1528 1512 1489 1398 1374 1233 1184 1161 1065 1024 921 869 825 788 780 570 491 488 478 468 461 407 281 253 228 174 166 151 132 87 35 
1806 1788 1782 1721 1605 1597 1553 1488 1485 1336 1317 1306 1223 1195 1123 1098 1063 957 808 744 713 680 646 626 576 564 545 510 495 479 406 222 111 56 44 29 
1906 1792 1778 1776 1574 1515 1483 1475 1459 1457 1365 1364 1187 1114 1033 987 954 905 867 739 727 677 662 619 587 553 538 400 333 313 299 277 274 164 156 1 
1758 1753 1746 1718 1649 1636 1521 1512 1490 1454 1411 1410 1395 1376 1358 1344 1282 1265 1203 1197 1189 1129 1048 752 689 619 605 552 420 300 285 142 134 133 110 99 
1890 1840 1764 1725 1618 1564 1323 1302 1262 1231 1212 1210 1166 1089 1065 998 980 965 933 878 874 695 611 551 424 423 395 348 324 276 216 181 64 62 60 32 
1883 1843 1822 1793 1678 1576 1564 1560 1558 1556 1485 1447 1428 1362 1225 1209 1164 1100 1056 1022 888 836 791 734 733 673 613 476 458 402 271 195 130 115 112 108 
1887 1853 1825 1758 1682 1601 1540 1461 1432 1406 1329 1244 1018 973 953 785 777 757 700 671 643 578 546 519 508 452 441 379 357 318 305 258 157 132 83 62 
1906 1863 1848 1774 1598 1566 1529 1498 1362 1352 1315 1067 1003 983 980 932 927 895 799 798 711 674 641 624 600 564 542 516 349 286 239 232 224 160 71 6 
1893 1856 1797 1774 1664 1636 1572 1559 1522 1482 1367 1348 1317 1301 1289 1116 1081 1043 960 917 886 875 811 776 621 604 395 378 346 314 252 225 223 211 75 49 
1868 1858 1829 1701 1676 1651 1594 1491 1465 1459 1368 1359 1271 1249 998 992 974 876 845 784 710 597 542 523 513 325 288 259 257 220 172 132 91 88 34 8 
1809 1766 1725 1724 1608 1582 1549 1503 1438 1343 1328 1114 1037 967 957 925 910 900 891 846 843 816 797 705 683 609 579 511 462 393 355 204 133 61 59 36 
1842 1818 1816 1698 1696 1679 1541 1467 1303 1295 1278 1275 1244 1197 1109 1045 908 851 815 712 709 704 691 636 505 494 468 388 342 271 246 171 105 103 36 10 
1750 1718 1715 1699 1650 1524 1515 1508 1488 1453 1452 1355 1308 1301 1300 1262 1036 994 936 873 766 755 731 698 613 603 566 483 427 343 331 264 242 169 76 36 
1892 1862 1828 1763 1543 1537 1410 1273 1271 1267 1177 1158 1156 1107 1027 1020 1017 982 950 914 851 785 772 761 647 511 456 425 309 261 194 146 138 114 4 2 
1877 1863 1840 1778 1645 1615 1570 1525 1508 1501 1495 1353 1313 1295 1240 1195 1193 1130 1075 1047 978 912 817 791 689 628 540 498 482 419 346 257 155 100 31 18 
1863 1811 1754 1738 1568 1567 1532 1526 1481 1460 1441 1434 1365 1336 1302 1291 1288 1091 1048 1006 942 865 733 627 575 574 517 409 342 264 234 209 150 143 57 11 
1899 1882 1770 1764 1667 1486 1457 1344 1299 1271 1247 1219 1207 1070 1009 924 844 838 836 789 779 607 596 522 498 484 436 319 314 264 236 210 198 46 26 9 
1805 1795 1790 1781 1675 1643 1519 1473 1455 1413 1403 1288 1186 1172 1107 955 917 821 731 724 709 700 563 547 545 532 477 470 437 365 358 186 130 102 84 45 
1817 1799 1798 1726 1694 1644 1551 1542 1513 1454 1419 1361 1306 1268 993 917 898 856 846 826 820 802 761 735 712 696 624 613 587 517 482 380 340 318 229 126 
1826 1746 1741 1736 1693 1667 1571 1456 1444 1391 1335 1168 1093 1022 917 892 891 866 851 841 817 723 716 570 496 392 381 379 372 324 290 184 169 163 158 79 
1898 1807 1773 1771 1685 1517 1466 1442 1401 1380 1328 1312 1219 1182 1090 1072 979 890 860 835 788 766 627 482 474 429 399 358 351 302 290 254 160 140 123 19 
1894 1865 1814 1800 1668 1654 1638 1629 1613 1611 1473 1440 1415 1390 1388 1373 1256 965 927 804 791 766 671 665 590 576 514 492 453 340 330 299 151 120 118 55 
1901 1852 1849 1797 1588 1466 1436 1354 1346 1299 1229 1217 1206 1188 1165 1148 1015 949 920 837 765 681 656 630 612 600 510 497 488 440 435 370 145 120 106 60 
1876 1870 1833 1748 1683 1677 1546 1516 1424 1393 1369 1216 1206 1164 1129 1125 977 944 799 723 719 591 578 556 523 439 426 416 296 269 251 148 116 76 26 7 
1907 1846 1829 1781 1695 1600 1595 1544 1514 1444 1375 1326 1320 1269 1232 1229 1044 1003 984 978 904 847 703 653 565 487 469 464 461 444 336 303 291 136 93 77 
1897 1858 1796 1776 1662 1590 1502 1479 1411 1398 1378 1372 1350 1299 1200 1142 1078 1050 999 988 951 719 717 628 608 576 574 568 532 393 377 337 227 217 216 184 
1899 1884 1780 1729 1676 1606 1568 1443 1436 1401 1342 1316 1275 1233 1156 1131 1010 901 882 854 763 661 625 533 527 521 464 383 376 328 304 247 195 75 71 69 
1870 1844 1795 1716 1640 1636 1593 1576 1339 1311 1297 1267 1176 1160 1152 1088 1044 1042 1021 976 973 912 849 779 694 669 638 588 529 471 383 334 144 103 43 41 
1867 1844 1834 1824 1672 1664 1546 1494 1436 1395 1322 1307 1243 1167 1143 1026 1007 945 848 822 767 721 594 592 568 554 508 412 391 292 237 202 151 105 100 68 
1827 1745 1717 1702 1655 1636 1631 1596 1591 1520 1495 1451 1438 1335 1278 1180 1173 1123 1070 980 772 767 656 632 520 413 400 258 200 195 192 187 148 102 88 47 
1829 1828 1755 1742 1679 1626 1548 1547 1545 1507 1404 1386 1363 1172 1120 1093 1083 1051 1028 877 824 763 742 717 615 474 364 352 322 219 207 173 153 124 116 32 
1875 1862 1768 1735 1668 1614 1528 1519 1407 1276 1260 1205 1157 1148 1146 1073 1032 954 912 864 857 835 676 620 556 521 347 297 291 237 216 205 117 88 81 3 
1851 1815 1809 1782 1573 1568 1533 1482 1479 1478 1397 1338 1333 1297 1112 1064 1057 1056 1045 914 823 767 676 655 602 597 552 473 451 419 404 322 185 174 160 129 
1903 1865 1781 1731 1686 1538 1486 1477 1433 1358 1333 1304 1300 1125 1104 1011 967 959 930 895 888 806 730 694 685 606 548 528 496 452 450 298 183 155 146 39 
1905 1792 1791 1765 1663 1631 1573 1518 1393 1360 1331 1294 1236 1214 1171 1047 1026 1008 1005 999 949 935 774 741 673 641 618 579 571 509 472 406 278 209 25 21 
1891 1868 1859 1815 1621 1619 1602 1544 1499 1327 1311 1279 1236 1141 1079 1010 961 957 938 902 864 848 833 783 709 707 686 516 449 448 417 269 140 42 32 31 
1906 1890 1869 1837 1650 1635 1514 1476 1409 1349 1324 1291 1205 1142 1126 997 811 781 742 704 671 650 644 617 591 581 510 473 456 420 335 257 210 50 48 27 
1827 1804 1793 1769 1565 1557 1457 1408 1405 1328 1302 1258 1234 1189 1144 1135 1101 1032 996 913 911 768 764 749 717 713 534 497 430 394 330 281 155 154 121 15 
1892 1783 1736 1708 1675 1646 1579 1560 1528 1496 1378 1309 1244 1216 1086 1039 1025 939 805 763 746 701 660 616 606 575 507 403 384 275 266 202 198 140 65 8 
1885 1866 1774 1733 1671 1602 1592 1453 1446 1365 1309 1219 1171 1087 1077 1044 1040 1034 859 850 821 818 757 690 645 597 499 453 434 421 320 310 249 226 218 153 
1799 1787 1777 1744 1692 1686 1658 1582 1550 1440 1403 1365 1284 1272 1251 1214 1204 1156 1097 1058 1013 960 946 819 740 732 591 572 567 446 424 354 323 113 81 9 
1867 1855 1730 1712 1683 1642 1630 1591 1583 1543 1224 1218 1145 1089 1058 1009 925 908 905 821 605 480 449 431 403 378 375 340 338 305 260 203 197 160 155 56 
1820 1780 1751 1698 1661 1594 1510 1501 1445 1372 1356 1330 1232 1212 1211 1138 1013 1004 966 952 949 928 900 862 811 752 678 606 360 359 340 295 192 144 139 137 
1872 1768 1760 1718 1684 1615 1600 1540 1522 1305 1296 1258 1208 1181 1172 1132 1127 1115 1108 1096 1089 863 828 801 714 684 647 580 579 527 516 397 263 107 58 29 
1812 1731 1717 1712 1638 1606 1533 1502 1476 1456 1389 1285 1276 1239 1117 1087 1060 1035 947 933 871 799 777 759 738 693 629 553 531 472 295 268 264 229 193 154 
1902 1901 1802 1739 1660 1554 1496 1452 1443 1429 1406 1405 1353 1071 1061 1006 983 959 946 935 896 875 738 684 587 421 412 411 352 306 300 137 73 46 34 10 
1896 1877 1844 1833 1542 1504 1488 1420 1418 1291 1270 1261 1177 1147 1118 1108 1106 1074 1030 1005 995 934 908 803 679 677 606 464 401 392 354 236 181 102 24 20 
1826 1772 1767 1729 1689 1681 1630 1553 1539 1523 1500 1472 1466 1413 1366 1361 1327 1171 1161 1012 983 926 847 546 462 402 387 361 282 244 238 219 170 168 154 57 
1905 1880 1803 1775 1563 1526 1448 1421 1398 1306 1250 1242 1137 1102 1010 937 932 918 907 838 790 778 757 667 494 442 438 419 391 277 268 197 149 116 88 64 
1819 1746 1743 1704 1696 1691 1671 1551 1537 1430 1412 1399 1375 1342 1328 1308 1242 1169 1148 1121 969 694 682 677 655 489 484 477 360 344 335 288 270 215 32 14 
1817 1795 1752 1745 1642 1597 1572 1561 1552 1548 1535 1516 1458 1437 1425 1380 1290 1256 1254 1246 1048 1039 950 781 708 661 516 485 231 169 154 137 109 100 53 1 
1876 1838 1821 1784 1658 1554 1533 1511 1427 1295 1231 1221 1082 963 950 906 904 894 860 710 678 664 632 624 618 561 495 441 432 378 355 316 242 227 149 35 
1904 1861 1818 1754 1677 1612 1553 1507 1428 1410 1332 1281 1248 1241 1233 1232 1175 1034 1014 894 889 797 741 736 674 649 532 493 419 411 389 353 325 314 302 231 
1852 1794 1725 1720 1692 1669 1483 1480 1439 1434 1426 1293 1180 1096 1064 1018 969 963 945 903 887 813 745 636 620 586 550 523 474 343 320 309 211 139 101 24 
1895 1846 1782 1700 1625 1506 1471 1430 1402 1325 1234 1177 1162 1055 1022 921 881 863 850 837 796 793 781 753 678 670 657 566 521 520 399 298 292 246 119 82 
1888 1826 1779 1719 1682 1653 1525 1522 1481 1479 1234 1134 1090 1082 1001 968 937 901 810 800 792 772 730 666 567 563 484 455 421 384 380 364 240 133 97 33 
1879 1871 1857 1798 1602 1543 1510 1494 1456 1437 1396 1390 1206 1162 1130 1085 1031 975 972 884 795 713 710 701 700 668 476 398 393 283 276 272 187 164 52 21 
1854 1836 1820 1749 1687 1654 1650 1626 1596 1399 1379 1226 1184 1117 1111 1048 996 940 934 929 901 829 769 758 707 680 556 544 387 375 273 271 239 227 131 34 
1850 1845 1758 1747 1585 1562 1484 1482 1419 1404 1360 1343 1323 1180 1156 978 977 962 928 906 831 807 803 716 692 654 651 589 503 437 373 310 53 50 39 28 
1881 1873 1819 1745 1666 1605 1586 1524 1501 1480 1383 1236 1116 1067 1034 925 786 739 732 697 691 681 672 596 585 555 508 501 447 332 261 149 123 121 82 17 
1827 1817 1801 1751 1669 1633 1555 1527 1505 1494 1381 1313 1259 1157 1103 1093 1038 994 990 882 850 828 747 738 699 596 507 385 344 307 277 269 174 167 130 83 
1875 1807 1761 1700 1674 1646 1634 1590 1582 1441 1384 1341 1274 1266 1145 1093 1056 1042 937 915 885 814 774 651 611 550 512 445 407 371 294 244 201 175 95 71 
1900 1834 1830 1740 1666 1599 1492 1431 1403 1339 1300 1295 1247 1175 1137 1096 1053 1043 1008 942 876 839 816 792 737 660 651 631 615 552 307 128 111 52 42 2 
1898 1839 1823 1727 1687 1618 1385 1337 1334 1305 1162 1159 1142 1129 880 813 808 789 768 675 640 637 615 549 541 529 518 454 278 235 194 150 129 120 75 53 
1882 1777 1772 1766 1499 1498 1469 1293 1241 1188 1124 1063 964 941 934 928 849 796 768 704 685 667 616 569 554 547 480 422 409 312 297 262 212 201 115 96 
1888 1765 1713 1710 1645 1620 1552 1420 1375 1332 1318 1282 1275 1268 1225 1031 973 960 858 841 746 683 635 610 598 568 550 495 478 409 350 322 317 307 296 282 
1890 1805 1783 1742 1591 1571 1491 1347 1184 1131 1030 1000 999 983 904 902 897 888 843 818 812 807 778 760 745 640 466 463 389 334 262 196 118 117 85 52 
1822 1778 1759 1727 1689 1613 1551 1534 1383 1380 1351 1289 1255 1253 1221 1179 1102 1015 998 959 936 929 858 796 706 565 534 532 524 320 301 237 178 107 85 41 
1850 1813 1734 1713 1690 1662 1655 1553 1530 1512 1465 1357 1279 1237 1087 1086 997 995 967 954 882 638 599 497 475 455 428 396 358 316 303 284 241 180 104 85 
1905 1892 1875 1764 1695 1684 1672 1495 1468 1447 1396 1330 1303 1235 1080 992 913 887 777 659 622 600 583 552 529 401 389 339 332 312 308 204 184 80 39 1 
1860 1849 1830 1747 1660 1657 1536 1461 1447 1367 1363 1263 1251 1232 1195 1119 1108 1103 1086 999 991 969 880 838 767 705 556 514 467 465 449 432 348 321 201 51 
1818 1814 1812 1720 1687 1624 1608 1599 1527 1516 1382 1340 1310 1219 1185 1147 985 970 951 885 861 819 787 756 657 652 545 372 312 248 179 176 168 91 64 3 
1907 1800 1722 1707 1612 1566 1509 1401 1349 1322 1296 1218 1184 1102 1099 1078 1071 1005 933 931 868 864 836 749 660 577 529 455 445 250 249 214 164 152 135 106 
1851 1772 1745 1744 1646 1557 1487 1429 1414 1344 1308 1296 1275 1240 1133 1030 1024 1014 1002 993 965 866 865 837 813 693 644 544 513 469 448 432 245 112 90 78 
1856 1816 1744 1723 1639 1638 1604 1570 1549 1506 1341 1143 1142 1069 1012 862 857 723 700 653 583 558 480 440 425 352 326 304 259 208 177 166 104 101 97 29 
1831 1810 1762 1718 1676 1639 1526 1397 1382 1373 1279 1264 1255 1223 1218 1191 1118 1082 1020 952 948 884 837 812 719 703 675 601 485 470 256 255 228 175 173 63 
1866 1798 1793 1762 1634 1589 1581 1387 1323 1314 1285 1277 1194 1133 1059 1055 1011 957 940 822 811 751 640 623 598 565 467 433 403 400 341 309 70 26 25 3 
1784 1741 1739 1728 1561 1493 1446 1310 1247 1203 1196 1155 1139 1097 1062 1046 989 921 905 901 884 857 802 682 627 506 473 458 430 356 321 230 180 120 54 31 
1896 1847 1753 1721 1693 1656 1653 1627 1565 1536 1451 1366 1283 1249 1182 1138 1062 833 743 693 683 590 587 502 441 434 423 349 329 275 273 233 188 119 100 14 
1879 1773 1762 1725 1663 1619 1580 1474 1464 1449 1419 1400 1276 1222 1165 1139 1126 1004 987 894 845 780 770 652 628 479 450 396 322 267 251 239 215 150 136 128 
1900 1893 1807 1765 1655 1621 1584 1501 1455 1352 1337 1222 1209 1206 1095 976 951 948 899 866 852 818 753 655 653 567 525 490 468 462 328 305 250 86 46 24 
1867 1845 1809 1737 1670 1665 1550 1547 1423 1394 1152 1068 1027 987 938 921 854 790 786 759 680 656 639 601 363 347 342 324 303 278 265 223 186 147 14 8 
1895 1848 1823 1759 1652 1645 1621 1516 1505 1303 1267 1217 1136 1037 1026 933 840 814 807 752 684 676 582 557 519 492 479 362 336 265 233 226 208 198 19 12 
1799 1794 1755 1738 1677 1628 1596 1490 1443 1409 1391 1367 1341 1208 1158 1128 1072 956 775 756 685 664 590 509 507 490 484 442 365 279 180 156 145 141 109 44 
1897 1888 1814 1810 1681 1665 1580 1577 1435 1432 1401 1334 1226 1089 1070 1035 972 946 911 898 734 721 718 681 670 595 573 507 425 416 301 274 190 96 80 42 
1908 1904 1792 1763 1579 1577 1477 1460 1359 1341 1314 1238 1205 1199 1183 1165 1085 1051 996 941 855 815 708 549 545 489 434 307 303 263 229 217 72 28 23 12 
1854 1802 1777 1750 1642 1545 1500 1481 1454 1451 1433 1346 1228 1149 1136 1119 1081 939 932 924 909 843 842 691 671 670 651 558 495 489 428 415 382 185 176 108 
1886 1861 1731 1704 1692 1632 1616 1597 1532 1514 1363 1346 1220 1150 1052 1030 1025 951 832 729 707 668 631 625 542 330 315 292 240 191 162 129 107 95 80 4 
1902 1863 1743 1699 1665 1585 1533 1521 1458 1438 1386 1311 1255 1216 1105 1094 979 974 913 893 853 795 727 691 576 452 440 438 368 323 291 241 226 25 23 2 
1813 1810 1737 1705 1694 1659 1624 1582 1578 1557 1537 1497 1463 1427 1371 1346 1155 1140 1103 1057 941 935 893 869 841 829 603 535 515 499 346 279 272 258 38 11 
1872 1854 1806 1733 1685 1681 1601 1546 1511 1479 1353 1311 1303 1280 1175 1144 1128 1126 1121 1120 1074 1041 990 989 966 773 633 585 470 469 298 283 188 163 81 53 
1907 1894 1891 1710 1634 1627 1615 1572 1529 1408 1385 1354 1319 1265 1210 1186 1124 1060 1022 975 919 896 867 856 832 829 809 786 362 287 218 200 173 103 85 56 
1902 1832 1766 1717 1610 1569 1537 1504 1490 1473 1397 1345 1339 1332 1251 1227 1154 1040 975 924 879 866 798 698 697 658 625 621 620 463 363 253 207 199 29 12 
1837 1771 1752 1716 1677 1607 1472 1451 1407 1372 1354 1294 1269 1250 1237 1223 1197 1179 1163 1035 953 854 819 707 659 634 430 421 346 266 261 250 127 70 58 12 
1880 1832 1715 1713 1656 1587 1535 1286 1257 1239 1226 1176 1148 1145 1104 1101 1012 984 884 874 855 820 782 744 729 582 539 498 293 262 179 159 92 50 30 8 
1808 1791 1734 1706 1598 1586 1571 1515 1493 1221 1186 1166 977 948 943 938 820 804 779 752 736 690 636 610 577 549 491 451 399 374 201 197 108 89 69 4 
1855 1787 1754 1748 1694 1613 1498 1389 1333 1266 1264 1252 1185 1133 1047 972 954 919 880 877 875 870 750 709 695 635 586 519 511 483 415 413 387 263 99 43 
1864 1824 1727 1709 1577 1559 1550 1535 1517 1371 1283 1222 1196 1193 1115 1049 1025 962 909 907 892 754 619 609 555 537 426 297 286 282 281 248 242 226 45 21 
1901 1883 1794 1756 1629 1609 1574 1445 1304 1279 1228 1205 1198 1174 1078 1040 865 863 776 770 722 682 634 616 539 535 524 508 462 351 348 221 193 161 103 99 
1892 1806 1723 1710 1637 1517 1513 1484 1435 1305 1290 1281 1274 1169 1149 1131 1088 1047 940 872 864 759 726 652 650 572 338 330 300 225 219 213 189 172 60 35 
1897 1845 1832 1785 1647 1632 1583 1559 1544 1540 1448 1385 1376 1347 1143 1121 1099 1094 1053 1024 949 885 753 740 696 685 659 530 392 367 275 234 210 130 33 22 
1862 1801 1798 1716 1622 1600 1532 1500 1497 1392 1378 1348 1344 1332 1266 1126 1016 1001 956 946 931 922 731 551 539 533 504 434 390 373 360 183 171 131 89 66 
1828 1825 1785 1735 1674 1606 1593 1561 1487 1483 1471 1381 1318 1289 1190 1127 1110 1061 991 918 833 729 697 607 551 499 496 451 427 337 285 251 232 172 126 122 
1853 1769 1762 1722 1670 1640 1623 1505 1415 1242 1211 1200 1167 1150 1069 995 941 863 823 820 818 806 800 740 733 612 605 570 504 500 447 411 242 94 91 71 
1859 1853 1833 1712 1622 1581 1565 1558 1518 1511 1367 1361 1330 1313 1272 1254 1215 1199 1110 907 842 703 638 631 477 374 319 304 265 249 220 194 182 165 58 22 
1893 1840 1775 1732 1632 1562 1444 1384 1357 1340 1325 1256 1204 1114 1112 959 889 872 717 712 642 598 583 575 515 501 398 386 385 331 256 224 182 135 117 48 
1826 1785 1752 1704 1673 1656 1584 1546 1515 1490 1476 1469 1417 1408 1400 1348 965 916 895 844 839 784 762 751 632 622 560 431 415 414 248 228 194 67 17 5 
1891 1882 1771 1699 1671 1654 1555 1545 1534 1510 1441 1432 1315 1273 1258 1252 1134 1057 1008 813 712 530 520 487 486 460 418 355 326 247 231 199 172 79 74 13 
1843 1803 1711 1703 1630 1623 1470 1467 1412 1363 1350 1320 1305 1302 1194 1136 1072 912 796 770 715 701 698 595 561 544 502 390 379 359 333 220 210 126 97 17 
1905 1878 1869 1729 1680 1651 1554 1535 1460 1442 1382 1352 1230 1200 1133 1123 1031 1027 902 886 816 809 699 633 584 547 457 374 368 348 320 208 156 121 110 105 
1831 1770 1768 1711 1626 1584 1576 1570 1488 1422 1321 1248 1163 1122 1038 998 922 875 846 804 746 726 585 571 541 455 438 417 394 335 170 165 157 119 80 28 
1908 1723 1717 1703 1663 1647 1624 1482 1455 1431 1265 1174 1075 1068 874 754 751 736 730 679 667 646 635 633 624 617 522 487 474 417 356 306 114 55 40 16 
1866 1827 1780 1778 1625 1607 1590 1587 1578 1563 1547 1524 1522 1499 1484 1462 1322 1248 967 914 890 805 586 531 489 471 420 291 286 236 203 199 190 86 73 40 
1894 1802 1748 1732 1589 1570 1438 1427 1370 1358 1347 1273 1239 1192 1182 1091 1083 1010 815 714 702 682 654 568 396 339 289 276 266 253 186 145 122 77 49 16 
1805 1743 1722 1697 1669 1568 1556 1518 1469 1422 1355 1350 1327 1257 1249 1191 869 802 771 718 716 658 607 584 564 454 424 397 367 352 347 316 292 187 123 51 
1903 1864 1825 1700 1696 1649 1449 1390 1334 1326 1227 1157 1082 869 852 783 778 775 762 673 626 602 586 559 460 456 446 430 375 351 312 249 225 90 41 16 
1875 1842 1760 1722 1604 1587 1483 1263 1196 1189 1188 1178 1174 1000 978 929 839 775 748 747 694 642 599 563 511 493 443 433 359 338 276 218 191 165 132 89 
1902 1860 1833 1782 1633 1588 1541 1416 1290 1171 1139 1016 982 973 964 947 816 734 614 599 581 558 557 524 448 446 408 403 391 283 206 192 135 94 79 39 
1876 1840 1701 1697 1619 1489 1426 1421 1410 1404 1388 1315 1229 1144 1095 1072 994 841 809 795 726 538 485 459 428 329 327 297 278 243 122 89 68 54 43 20 
1838 1773 1757 1734 1682 1583 1536 1360 1348 1272 1246 1217 1216 1207 1144 1141 1100 1035 982 975 858 801 797 769 737 699 525 407 347 170 143 126 118 102 64 10 
1900 1850 1752 1714 1310 1307 1297 1283 1259 1230 1208 1192 1178 1016 1014 1003 992 960 918 900 888 868 720 696 582 543 449 394 341 280 199 189 142 123 76 48 
1884 1835 1772 1730 1623 1612 1590 1567 1461 1417 1416 1338 1235 1230 1189 1121 1061 903 791 769 746 723 666 618 555 485 463 437 423 398 397 356 223 153 111 77 
1895 1824 1816 1724 1651 1603 1566 1457 1383 1228 1181 1053 1041 920 916 879 852 703 701 688 665 598 581 512 459 450 424 293 269 268 223 212 112 56 47 28 
1837 1783 1755 1750 1643 1603 1580 1544 1543 1532 1459 1388 1350 1287 1268 1227 1213 1118 1111 1077 1032 989 899 834 744 720 657 609 554 518 447 414 254 170 98 40 
1887 1812 1761 1724 1678 1662 1607 1500 1498 1425 1394 1351 1321 1180 1177 1168 1104 989 897 815 765 715 666 527 418 416 350 325 323 308 287 281 189 177 161 65 
1898 1878 1819 1702 1606 1523 1464 1446 1392 1374 1338 1284 1259 1226 1187 1154 1153 1055 853 812 783 754 737 710 503 500 494 483 443 382 379 146 135 124 109 93 
1900 1881 1786 1753 1685 1680 1539 1526 1449 1422 1377 1343 1233 1174 1160 1153 1077 823 798 623 593 548 432 431 416 392 380 377 369 344 343 272 137 117 62 23 
1889 1740 1714 1711 1668 1652 1601 1588 1513 1421 1375 1304 1255 1176 1140 1066 1046 1028 902 879 867 810 784 740 718 468 418 404 349 343 252 214 134 104 21 16 
1896 1830 1805 1756 1674 1658 1545 1475 1462 1282 997 992 980 911 899 782 755 747 676 673 672 614 575 541 503 442 380 353 289 287 270 260 243 144 63 18 
1906 1862 1846 1730 1691 1688 1684 1599 1507 1470 1453 1449 1379 1283 1239 1167 1131 1081 1074 1057 977 910 890 870 827 809 728 522 385 240 161 158 134 67 44 18 
1884 1874 1788 1740 1659 1550 1407 1357 1343 1291 1290 1224 1186 1064 1054 966 922 851 826 782 777 664 630 628 595 554 542 534 453 314 245 187 176 166 110 13 
1890 1858 1789 1749 1670 1652 1629 1542 1529 1464 1456 1439 1376 1366 1281 1172 1160 1123 924 750 681 663 660 609 526 521 459 451 422 323 183 175 162 143 114 7 
1843 1841 1804 1767 1666 1617 1595 1531 1530 1333 1188 1187 1110 1025 944 873 859 856 797 795 646 623 614 560 533 514 512 437 367 354 290 259 239 157 41 31 
1887 1877 1857 1731 1605 1587 1519 1452 1381 1373 1245 1237 1221 1185 1153 1128 976 923 905 881 772 758 711 597 581 543 467 386 361 360 351 336 217 214 128 115 
1856 1817 1734 1699 1675 1462 1428 1406 1400 1391 1364 1347 1318 1257 1253 1200 1193 1183 1163 1068 906 838 793 748 688 518 510 439 413 410 244 224 204 125 54 38 
1886 1815 1791 1763 1625 1588 1549 1505 1422 1244 1228 1194 1178 1170 1151 1004 923 874 870 835 799 778 739 706 644 637 574 537 503 368 354 294 207 183 96 58 
1836 1788 1760 1737 1690 1563 1541 1492 1473 1426 1409 1383 1353 1340 1329 1304 1209 1113 1080 1070 1017 958 762 686 666 662 645 526 353 326 315 294 233 150 72 25 
1883 1878 1808 1733 1695 1648 1504 1502 1499 1477 1467 1405 1274 1138 1067 1018 981 922 918 844 760 728 702 680 648 426 410 397 365 311 259 230 202 90 75 63 
1786 1769 1720 1714 1661 1412 1319 1285 1262 1238 1237 1222 1102 1091 1074 1054 1052 1033 1024 1008 748 705 670 647 637 610 547 512 383 370 271 233 225 222 37 5 
1908 1811 1746 1710 1648 1596 1542 1465 1440 1377 1289 1146 1079 1056 1054 1002 945 909 789 771 713 688 601 515 471 465 444 418 389 315 275 267 167 127 124 50 
1878 1865 1841 1721 1676 1549 1454 1444 1425 1418 1387 1278 1231 1152 1041 1033 1014 964 942 861 827 722 711 534 526 498 435 417 402 377 267 139 125 68 66 4 
1896 1823 1763 1711 1641 1564 1496 1471 1463 1396 1386 1317 1211 1124 1058 1052 1019 1015 931 907 894 802 792 642 634 620 617 579 408 372 288 234 196 189 77 68 
1888 1881 1796 1714 1509 1506 1376 1359 1276 1272 1202 1191 1169 1167 1106 1098 927 880 805 788 785 754 692 645 527 517 497 476 414 277 238 230 207 141 139 26 
1846 1838 1819 1807 1614 1608 1508 1463 1307 1299 1282 1224 1204 1136 1125 1087 1062 1059 1049 996 824 773 771 750 741 631 604 573 546 373 368 174 164 147 125 112 
1904 1856 1804 1788 1619 1534 1448 1420 1399 1387 1369 1287 1280 1185 1170 1168 1166 1146 1071 1039 1038 1027 988 930 860 814 704 698 634 383 345 313 180 94 93 86 
1855 1791 1790 1768 1653 1635 1558 1495 1355 1340 1319 1251 1120 1046 1029 1006 931 926 910 903 850 814 674 661 626 616 513 443 436 327 296 290 279 235 105 74 
1820 1766 1738 1726 1695 1678 1637 1539 1520 1465 1427 1389 1315 1313 1253 1220 1187 1162 1151 1109 1101 1034 955 883 831 774 725 639 481 467 423 390 250 245 140 48 
1874 1850 1831 1765 1633 1595 1586 1521 1442 1394 1260 1160 1039 1015 937 926 908 892 871 836 830 770 751 665 650 540 499 483 366 355 298 230 217 182 148 66 
1886 1786 1770 1705 1573 1527 1480 1464 1416 1385 1356 1296 1246 1227 1192 1164 1037 1028 986 904 859 848 831 761 711 656 553 551 429 415 331 321 273 190 65 27 
