204 102
3 6
3 3 3 3 3 3 3 3 3 3 3 3 3 3 3 3 3 3 3 3 3 3 3 3 3 3 3 3 3 3 3 3 3 3 3 3 3 3 3 3 3 3 3 3 3 3 3 3 3 3 3 3 3 3 3 3 3 3 3 3 3 3 3 3 3 3 3 3 3 3 3 3 3 3 3 3 3 3 3 3 3 3 3 3 3 3 3 3 3 3 3 3 3 3 3 3 3 3 3 3 3 3 3 3 3 3 3 3 3 3 3 3 3 3 3 3 3 3 3 3 3 3 3 3 3 3 3 3 3 3 3 3 3 3 3 3 3 3 3 3 3 3 3 3 3 3 3 3 3 3 3 3 3 3 3 3 3 3 3 3 3 3 3 3 3 3 3 3 3 3 3 3 3 3 3 3 3 3 3 3 3 3 3 3 3 3 3 3 3 3 3 3 3 3 3 3 3 3 3 3 3 3 3 3 
6 6 6 6 6 6 6 6 6 6 6 6 6 6 6 6 6 6 6 6 6 6 6 6 6 6 6 6 6 6 6 6 6 6 6 6 6 6 6 6 6 6 6 6 6 6 6 6 6 6 6 6 6 6 6 6 6 6 6 6 6 6 6 6 6 6 6 6 6 6 6 6 6 6 6 6 6 6 6 6 6 6 6 6 6 6 6 6 6 6 6 6 6 6 6 6 6 6 6 6 6 6 
4 84 102 
2 74 86 
17 77 88 
15 81 97 
5 85 91 
11 76 98 
16 72 92 
9 73 96 
3 83 95 
6 82 93 
1 79 99 
10 69 87 
8 80 101 
14 70 90 
7 78 94 
12 75 100 
13 71 89 
21 43 59 
24 38 57 
23 39 67 
25 45 68 
26 37 54 
29 46 62 
30 40 55 
20 42 60 
19 41 56 
31 35 53 
27 44 52 
28 50 63 
32 47 64 
18 36 61 
34 48 65 
22 49 58 
33 51 66 
34 84 91 
24 74 88 
31 76 101 
26 85 102 
25 71 93 
20 79 98 
32 75 96 
23 69 89 
33 80 87 
19 70 95 
21 83 97 
28 73 86 
29 78 100 
30 77 94 
22 82 99 
18 72 90 
27 81 92 
14 42 61 
2 38 57 
8 45 63 
10 37 68 
12 48 56 
1 51 67 
3 36 64 
11 39 66 
6 44 60 
13 40 62 
5 47 53 
15 50 54 
4 43 58 
16 41 55 
7 46 65 
9 49 52 
17 35 59 
51 85 90 
49 82 95 
47 73 97 
37 70 102 
42 84 98 
35 72 101 
50 69 87 
45 77 94 
39 81 93 
36 71 91 
40 79 92 
48 83 89 
41 78 96 
38 80 100 
43 74 99 
44 75 86 
46 76 88 
9 31 64 
12 18 61 
14 23 65 
15 28 66 
5 30 54 
13 21 63 
16 22 68 
7 20 53 
10 32 55 
17 29 62 
4 19 52 
1 34 58 
11 33 60 
6 27 67 
8 26 59 
3 25 56 
2 24 57 
37 57 75 
43 56 81 
47 68 73 
36 62 71 
39 63 84 
42 67 78 
48 59 70 
38 64 69 
49 54 72 
44 66 79 
50 55 82 
35 60 80 
51 52 76 
45 53 74 
41 65 83 
40 61 77 
46 58 85 
11 25 102 
10 22 98 
17 32 87 
6 23 86 
12 20 97 
4 33 88 
3 24 93 
9 28 92 
8 27 89 
15 18 100 
16 26 96 
5 34 91 
2 31 99 
13 19 94 
14 29 95 
7 30 101 
1 21 90 
45 53 83 
49 54 73 
48 66 75 
38 63 70 
43 59 69 
36 57 82 
44 68 78 
40 56 80 
39 60 84 
50 52 79 
47 67 71 
35 64 74 
46 61 77 
42 58 81 
41 55 85 
37 62 76 
51 65 72 
4 28 88 
8 27 90 
1 18 95 
15 29 98 
2 19 97 
17 34 92 
9 31 96 
10 25 99 
7 33 93 
14 21 102 
3 30 101 
6 20 91 
12 22 86 
16 32 94 
5 24 87 
13 26 89 
11 23 100 
1 47 69 
13 44 75 
6 48 76 
17 40 77 
3 42 84 
12 51 85 
9 41 79 
14 49 71 
5 39 74 
16 50 73 
8 43 83 
10 38 78 
4 37 70 
7 46 72 
11 35 80 
15 45 81 
2 36 82 
24 56 86 
30 58 90 
33 66 99 
20 54 95 
29 63 89 
27 55 97 
21 62 98 
18 59 93 
26 64 101 
32 67 91 
31 61 87 
22 57 102 
25 68 96 
19 60 100 
34 65 94 
28 53 92 
23 52 88 
11 57 97 136 156 171 
2 53 102 132 158 187 
9 58 101 126 164 175 
1 64 96 125 154 183 
5 62 90 131 168 179 
10 60 99 123 165 173 
15 66 93 135 162 184 
13 54 100 128 155 181 
8 67 86 127 160 177 
12 55 94 121 161 182 
6 59 98 120 170 185 
16 56 87 124 166 176 
17 61 91 133 169 172 
14 52 88 134 163 178 
4 63 89 129 157 186 
7 65 92 130 167 180 
3 68 95 122 159 174 
31 50 87 129 156 195 
26 44 96 133 158 201 
25 40 93 124 165 191 
18 45 91 136 163 194 
33 49 92 121 166 199 
20 42 88 123 170 204 
19 36 102 126 168 188 
21 39 101 120 161 200 
22 38 100 130 169 196 
28 51 99 128 155 193 
29 46 89 127 154 203 
23 47 95 134 157 192 
24 48 90 135 164 189 
27 37 86 132 160 198 
30 41 94 122 167 197 
34 43 98 125 162 190 
32 35 97 131 159 202 
27 68 74 114 148 185 
31 58 78 106 142 187 
22 55 72 103 152 183 
19 53 82 110 140 182 
20 59 77 107 145 179 
24 61 79 118 144 174 
26 65 81 117 151 177 
25 52 73 108 150 175 
18 64 83 104 141 181 
28 60 84 112 143 172 
21 54 76 116 137 186 
23 66 85 119 149 184 
30 62 71 105 147 171 
32 56 80 109 139 173 
33 67 70 111 138 178 
29 63 75 113 146 180 
34 57 69 115 153 176 
28 67 96 115 146 204 
27 62 93 116 137 203 
22 63 90 111 138 191 
24 65 94 113 151 193 
26 56 101 104 144 188 
19 53 102 103 142 199 
33 64 97 119 150 189 
18 68 100 109 141 195 
25 60 98 114 145 201 
31 52 87 118 149 198 
23 61 95 106 152 194 
29 54 91 107 140 192 
30 58 86 110 148 196 
32 66 88 117 153 202 
34 59 89 112 139 190 
20 57 99 108 147 197 
21 55 92 105 143 200 
12 42 75 110 141 171 
14 44 72 109 140 183 
17 39 78 106 147 178 
7 50 74 111 153 184 
8 46 71 105 138 180 
2 36 83 116 148 179 
16 41 84 103 139 172 
6 37 85 115 152 173 
3 48 76 118 149 174 
15 47 81 108 143 182 
11 40 79 112 146 177 
13 43 82 114 144 185 
4 51 77 104 150 186 
10 49 70 113 142 187 
9 45 80 117 137 181 
1 35 73 107 145 175 
5 38 69 119 151 176 
2 46 84 123 166 188 
12 43 75 122 168 198 
3 36 85 125 154 204 
17 42 80 128 169 192 
14 50 69 136 155 189 
5 35 78 131 165 197 
7 51 79 127 159 203 
10 39 77 126 162 195 
15 48 76 133 167 202 
9 44 70 134 156 191 
8 41 81 130 160 200 
4 45 71 124 158 193 
6 40 73 121 157 194 
11 49 83 132 161 190 
16 47 82 129 170 201 
13 37 74 135 164 196 
1 38 72 120 163 199 
