204 102 
3 6 
3 3 3 3 3 3 3 3 3 3 3 3 3 3 3 3 3 3 3 3 3 3 3 3 3 3 3 3 3 3 3 3 3 3 3 3 3 3 3 3 3 3 3 3 3 3 3 3 3 3 3 3 3 3 3 3 3 3 3 3 3 3 3 3 3 3 3 3 3 3 3 3 3 3 3 3 3 3 3 3 3 3 3 3 3 3 3 3 3 3 3 3 3 3 3 3 3 3 3 3 3 3 3 3 3 3 3 3 3 3 3 3 3 3 3 3 3 3 3 3 3 3 3 3 3 3 3 3 3 3 3 3 3 3 3 3 3 3 3 3 3 3 3 3 3 3 3 3 3 3 3 3 3 3 3 3 3 3 3 3 3 3 3 3 3 3 3 3 3 3 3 3 3 3 3 3 3 3 3 3 3 3 3 3 3 3 3 3 3 3 3 3 3 3 3 3 3 3 3 3 3 3 3 3 
6 6 6 6 6 6 6 6 6 6 6 6 6 6 6 6 6 6 6 6 6 6 6 6 6 6 6 6 6 6 6 6 6 6 6 6 6 6 6 6 6 6 6 6 6 6 6 6 6 6 6 6 6 6 6 6 6 6 6 6 6 6 6 6 6 6 6 6 6 6 6 6 6 6 6 6 6 6 6 6 6 6 6 6 6 6 6 6 6 6 6 6 6 6 6 6 6 6 6 6 6 6 
73 81 84  
26 45 63  
17 55 77  
24 47 74  
9 10 52  
44 62 63  
35 38 39  
4 60 100  
63 82 98  
40 68 80  
18 81 91  
86 88 99  
65 71 77  
9 29 33  
15 34 41  
11 22 75  
24 48 95  
22 44 60  
5 19 41  
22 31 43  
18 21 56  
49 51 83  
7 79 88  
5 36 67  
32 75 84  
1 38 79  
43 75 82  
1 2 23  
33 61 83  
3 30 69  
5 28 77  
4 8 56  
36 53 76  
28 96 102  
17 44 48  
26 74 92  
11 56 69  
18 50 68  
34 37 72  
25 37 76  
21 23 30  
7 29 40  
39 71 78  
2 13 96  
33 51 55  
16 49 64  
37 54 66  
36 50 89  
15 45 57  
15 35 88  
57 78 102  
27 71 98  
27 52 94  
20 68 87  
8 38 89  
24 53 94  
11 19 50  
14 83 98  
2 55 76  
41 62 70  
14 78 86  
3 21 59  
23 46 64  
43 45 47  
1 31 95  
59 84 85  
54 94 101  
6 31 93  
59 61 95  
47 58 73  
7 54 87  
52 79 97  
12 28 90  
30 97 99  
42 73 100  
20 62 101  
80 85 96  
58 91 100  
6 16 19  
49 72 99  
17 70 92  
69 90 93  
10 25 40  
39 72 82  
12 67 74  
4 27 65  
20 85 90  
13 92 102  
8 9 46  
10 35 46  
53 93 97  
42 48 66  
64 87 89  
25 26 58  
6 57 67  
3 12 65  
61 66 91  
29 81 101  
51 60 86  
14 16 80  
32 34 70  
13 32 42  
17 45 72  
14 22 52  
2 49 53  
60 76 95  
26 39 57  
32 48 60  
2 8 78  
3 54 92  
42 55 71  
5 23 62  
35 50 99  
18 31 37  
12 24 84  
14 56 97  
40 44 94  
22 63 74  
28 49 63  
42 78 96  
27 85 101  
55 75 99  
9 40 67  
28 61 97  
16 76 101  
33 88 95  
5 33 37  
27 61 68  
38 52 65  
15 20 42  
23 60 84  
52 67 73  
25 53 66  
21 51 77  
1 62 81  
21 66 96  
56 75 83  
8 13 19  
19 30 51  
58 90 102  
11 68 97  
15 89 98  
20 35 44  
5 35 74  
26 59 72  
10 88 94  
46 69 100  
16 54 77  
6 74 91  
13 64 101  
32 40 47  
24 50 90  
38 46 48  
47 85 86  
6 34 51  
7 36 68  
7 31 56  
61 69 92  
39 43 48  
31 64 71  
8 33 93  
4 17 79  
37 95 98  
25 77 87  
19 49 67  
2 69 87  
1 10 22  
29 64 88  
65 70 91  
25 84 102  
45 66 99  
18 57 58  
1 4 70  
12 30 72  
32 82 89  
15 47 55  
18 24 59  
13 21 81  
29 54 100  
4 50 57  
23 90 94  
10 34 79  
44 89 93  
41 73 102  
26 80 82  
11 65 92  
41 45 87  
28 71 83  
34 39 85  
9 14 82  
3 20 36  
76 83 86  
29 70 80  
9 12 43  
63 73 78  
27 30 46  
16 59 86  
6 58 62  
41 91 98  
11 93 96  
43 53 81  
36 75 79  
3 17 38  
7 80 100  
26 28 65 135 167 173  
28 44 59 105 109 166  
30 62 96 110 191 203  
8 32 86 162 173 180  
19 24 31 112 127 144  
68 79 95 149 155 198  
23 42 71 156 157 204  
32 55 89 109 138 161  
5 14 89 123 190 194  
5 83 90 146 167 182  
16 37 57 141 186 200  
73 85 96 115 174 194  
44 88 102 138 150 178  
58 61 100 104 116 190  
15 49 50 130 142 176  
46 79 100 125 148 197  
3 35 81 103 162 203  
11 21 38 114 172 177  
19 57 79 138 139 165  
54 76 87 130 143 191  
21 41 62 134 136 178  
16 18 20 104 118 167  
28 41 63 112 131 181  
4 17 56 115 152 177  
40 83 94 133 164 170  
2 36 94 107 145 185  
52 53 86 121 128 196  
31 34 73 119 124 188  
14 42 98 168 179 193  
30 41 74 139 174 196  
20 65 68 114 157 160  
25 101 102 108 151 175  
14 29 45 126 127 161  
15 39 101 155 182 189  
7 50 90 113 143 144  
24 33 48 156 191 202  
39 40 47 114 127 163  
7 26 55 129 153 203  
7 43 84 107 159 189  
10 42 83 117 123 151  
15 19 60 184 187 199  
75 92 102 111 120 130  
20 27 64 159 194 201  
6 18 35 117 143 183  
2 49 64 103 171 187  
63 89 90 147 153 196  
4 64 70 151 154 176  
17 35 92 108 153 159  
22 46 80 105 119 165  
38 48 57 113 152 180  
22 45 99 134 139 155  
5 53 72 104 129 132  
33 56 91 105 133 201  
47 67 71 110 148 179  
3 45 59 111 122 176  
21 32 37 116 137 157  
49 51 95 107 172 180  
70 78 94 140 172 198  
62 66 69 145 177 197  
8 18 99 106 108 131  
29 69 97 124 128 158  
6 60 76 112 135 198  
2 6 9 118 119 195  
46 63 93 150 160 168  
13 86 96 129 169 186  
47 92 97 133 136 171  
24 85 95 123 132 165  
10 38 54 128 141 156  
30 37 82 147 158 166  
60 81 101 169 173 193  
13 43 52 111 160 188  
39 80 84 103 145 174  
1 70 75 132 184 195  
4 36 85 118 144 149  
16 25 27 122 137 202  
33 40 59 106 125 192  
3 13 31 134 148 164  
43 51 61 109 120 195  
23 26 72 162 182 202  
10 77 100 185 193 204  
1 11 98 135 178 201  
9 27 84 175 185 190  
22 29 58 137 188 192  
1 25 66 115 131 170  
66 77 87 121 154 189  
12 61 99 154 192 197  
54 71 93 164 166 187  
12 23 50 126 146 168  
48 55 93 142 175 183  
73 82 87 140 152 181  
11 78 97 149 169 199  
36 81 88 110 158 186  
68 82 91 161 183 200  
53 56 67 117 146 181  
17 65 69 106 126 163  
34 44 77 120 136 200  
72 74 91 116 124 141  
9 52 58 142 163 199  
12 74 80 113 122 171  
8 75 78 147 179 204  
67 76 98 121 125 150  
34 51 88 140 170 184  
