360 180 13
3 6
3 3 3 3 3 3 3 3 3 3 3 3 3 3 3 3 3 3 3 3 3 3 3 3 3 3 3 3 3 3 3 3 3 3 3 3 3 3 3 3 3 3 3 3 3 3 3 3 3 3 3 3 3 3 3 3 3 3 3 3 3 3 3 3 3 3 3 3 3 3 3 3 3 3 3 3 3 3 3 3 3 3 3 3 3 3 3 3 3 3 3 3 3 3 3 3 3 3 3 3 3 3 3 3 3 3 3 3 3 3 3 3 3 3 3 3 3 3 3 3 3 3 3 3 3 3 3 3 3 3 3 3 3 3 3 3 3 3 3 3 3 3 3 3 3 3 3 3 3 3 3 3 3 3 3 3 3 3 3 3 3 3 3 3 3 3 3 3 3 3 3 3 3 3 3 3 3 3 3 3 3 3 3 3 3 3 3 3 3 3 3 3 3 3 3 3 3 3 3 3 3 3 3 3 3 3 3 3 3 3 3 3 3 3 3 3 3 3 3 3 3 3 3 3 3 3 3 3 3 3 3 3 3 3 3 3 3 3 3 3 3 3 3 3 3 3 3 3 3 3 3 3 3 3 3 3 3 3 3 3 3 3 3 3 3 3 3 3 3 3 3 3 3 3 3 3 3 3 3 3 3 3 3 3 3 3 3 3 3 3 3 3 3 3 3 3 3 3 3 3 3 3 3 3 3 3 3 3 3 3 3 3 3 3 3 3 3 3 3 3 3 3 3 3 3 3 3 3 3 3 3 3 3 3 3 3 3 3 3 3 3 3 3 3 3 3 3 3 3 3 3 3 3 3 3 3 3 3 3 3 
6 6 6 6 6 6 6 6 6 6 6 6 6 6 6 6 6 6 6 6 6 6 6 6 6 6 6 6 6 6 6 6 6 6 6 6 6 6 6 6 6 6 6 6 6 6 6 6 6 6 6 6 6 6 6 6 6 6 6 6 6 6 6 6 6 6 6 6 6 6 6 6 6 6 6 6 6 6 6 6 6 6 6 6 6 6 6 6 6 6 6 6 6 6 6 6 6 6 6 6 6 6 6 6 6 6 6 6 6 6 6 6 6 6 6 6 6 6 6 6 6 6 6 6 6 6 6 6 6 6 6 6 6 6 6 6 6 6 6 6 6 6 6 6 6 6 6 6 6 6 6 6 6 6 6 6 6 6 6 6 6 6 6 6 6 6 6 6 6 6 6 6 6 6 6 6 6 6 6 6 
58 4 104 1 175 12 
59 10 105 10 176 2 
60 5 106 2 177 6 
31 10 107 8 178 9 
32 8 108 9 179 11 
33 8 109 3 180 7 
34 2 110 11 151 1 
35 5 111 7 152 6 
36 10 112 7 153 3 
37 9 113 2 154 8 
38 8 114 3 155 3 
39 2 115 2 156 3 
40 12 116 1 157 12 
41 1 117 12 158 4 
42 7 118 11 159 11 
43 3 119 8 160 12 
44 12 120 2 161 3 
45 9 91 1 162 1 
46 6 92 11 163 12 
47 1 93 7 164 11 
48 11 94 11 165 11 
49 9 95 2 166 7 
50 3 96 10 167 12 
51 3 97 11 168 5 
52 5 98 4 169 11 
53 9 99 6 170 9 
54 12 100 3 171 3 
55 8 101 10 172 11 
56 5 102 2 173 1 
57 5 103 10 174 3 
6 10 70 8 141 1 
7 10 71 12 142 6 
8 11 72 2 143 10 
9 12 73 10 144 4 
10 3 74 7 145 5 
11 6 75 12 146 8 
12 12 76 6 147 6 
13 10 77 9 148 6 
14 1 78 2 149 10 
15 8 79 1 150 7 
16 9 80 2 121 3 
17 10 81 2 122 11 
18 12 82 1 123 5 
19 3 83 7 124 2 
20 1 84 12 125 12 
21 5 85 8 126 1 
22 3 86 1 127 6 
23 2 87 12 128 6 
24 12 88 9 129 7 
25 7 89 9 130 1 
26 10 90 12 131 1 
27 10 61 10 132 12 
28 3 62 12 133 8 
29 2 63 4 134 10 
30 10 64 2 135 6 
1 3 65 12 136 4 
2 11 66 4 137 11 
3 3 67 10 138 1 
4 8 68 7 139 5 
5 3 69 10 140 2 
4 6 113 1 146 3 
5 6 114 11 147 2 
6 9 115 9 148 1 
7 6 116 12 149 2 
8 9 117 8 150 8 
9 6 118 7 121 6 
10 1 119 4 122 7 
11 8 120 12 123 12 
12 2 91 8 124 8 
13 6 92 5 125 6 
14 9 93 12 126 2 
15 10 94 8 127 11 
16 2 95 4 128 1 
17 7 96 10 129 4 
18 3 97 4 130 6 
19 9 98 7 131 5 
20 11 99 12 132 8 
21 2 100 8 133 5 
22 12 101 4 134 9 
23 7 102 3 135 9 
24 1 103 3 136 1 
25 11 104 11 137 2 
26 5 105 2 138 7 
27 12 106 4 139 12 
28 5 107 3 140 8 
29 12 108 8 141 1 
30 5 109 2 142 3 
1 1 110 11 143 10 
2 5 111 10 144 10 
3 8 112 5 145 5 
42 2 77 5 169 7 
43 6 78 8 170 7 
44 10 79 2 171 6 
45 8 80 3 172 8 
46 1 81 7 173 11 
47 6 82 6 174 2 
48 1 83 10 175 10 
49 4 84 2 176 5 
50 10 85 11 177 8 
51 12 86 12 178 2 
52 8 87 6 179 1 
53 11 88 6 180 10 
54 1 89 4 151 8 
55 2 90 8 152 5 
56 10 61 8 153 5 
57 4 62 5 154 12 
58 6 63 6 155 6 
59 12 64 3 156 11 
60 1 65 5 157 10 
31 5 66 8 158 6 
32 1 67 8 159 8 
33 8 68 5 160 6 
34 9 69 11 161 1 
35 2 70 8 162 10 
36 12 71 2 163 5 
37 9 72 5 164 11 
38 4 73 2 165 9 
39 3 74 11 166 10 
40 6 75 1 167 2 
41 4 76 11 168 8 
17 4 45 4 148 6 
18 11 46 12 149 7 
19 8 47 9 150 1 
20 7 48 1 121 6 
21 6 49 1 122 1 
22 12 50 7 123 5 
23 5 51 2 124 2 
24 5 52 5 125 10 
25 6 53 6 126 2 
26 11 54 9 127 11 
27 8 55 12 128 12 
28 4 56 8 129 9 
29 6 57 11 130 3 
30 2 58 1 131 2 
1 7 59 7 132 5 
2 4 60 1 133 10 
3 8 31 6 134 3 
4 10 32 10 135 11 
5 6 33 12 136 11 
6 1 34 3 137 10 
7 5 35 6 138 12 
8 12 36 10 139 7 
9 11 37 6 140 2 
10 4 38 4 141 7 
11 1 39 1 142 3 
12 12 40 10 143 9 
13 12 41 12 144 12 
14 2 42 12 145 7 
15 1 43 4 146 11 
16 11 44 1 147 8 
97 10 142 3 177 1 
98 4 143 2 178 6 
99 6 144 5 179 11 
100 6 145 4 180 1 
101 3 146 3 151 1 
102 9 147 1 152 8 
103 5 148 3 153 8 
104 4 149 2 154 7 
105 2 150 11 155 8 
106 11 121 10 156 10 
107 8 122 9 157 9 
108 4 123 7 158 11 
109 1 124 7 159 6 
110 11 125 8 160 12 
111 8 126 11 161 6 
112 7 127 3 162 8 
113 12 128 7 163 6 
114 10 129 2 164 11 
115 1 130 7 165 9 
116 7 131 6 166 4 
117 8 132 11 167 9 
118 12 133 2 168 7 
119 2 134 7 169 9 
120 2 135 10 170 5 
91 11 136 4 171 1 
92 3 137 1 172 12 
93 1 138 2 173 1 
94 3 139 1 174 8 
95 7 140 3 175 3 
96 2 141 5 176 1 
47 8 71 6 119 4 
48 9 72 11 120 4 
49 7 73 6 91 5 
50 11 74 12 92 8 
51 3 75 2 93 7 
52 4 76 4 94 7 
53 3 77 9 95 1 
54 1 78 4 96 1 
55 11 79 11 97 5 
56 3 80 6 98 5 
57 9 81 5 99 12 
58 11 82 12 100 5 
59 4 83 11 101 3 
60 2 84 7 102 11 
31 5 85 3 103 1 
32 12 86 8 104 5 
33 8 87 10 105 5 
34 9 88 3 106 12 
35 9 89 3 107 6 
36 8 90 12 108 7 
37 8 61 9 109 12 
38 2 62 5 110 4 
39 9 63 11 111 6 
40 10 64 4 112 7 
41 5 65 11 113 9 
42 10 66 2 114 4 
43 10 67 3 115 1 
44 6 68 12 116 4 
45 7 69 5 117 1 
46 7 70 10 118 4 
20 1 78 3 168 8 
21 4 79 8 169 1 
22 9 80 5 170 1 
23 5 81 9 171 12 
24 12 82 12 172 11 
25 11 83 10 173 7 
26 6 84 2 174 8 
27 11 85 4 175 11 
28 1 86 5 176 4 
29 2 87 8 177 4 
30 12 88 6 178 9 
1 1 89 8 179 7 
2 10 90 8 180 11 
3 11 61 2 151 3 
4 10 62 1 152 5 
5 4 63 9 153 2 
6 10 64 10 154 7 
7 4 65 1 155 8 
8 1 66 1 156 2 
9 6 67 9 157 11 
10 6 68 1 158 4 
11 8 69 10 159 4 
12 6 70 10 160 8 
13 7 71 4 161 5 
14 10 72 5 162 6 
15 5 73 9 163 7 
16 8 74 6 164 5 
17 6 75 1 165 5 
18 12 76 10 166 9 
19 10 77 10 167 11 
58 10 80 12 177 2 
59 5 81 6 178 4 
60 1 82 12 179 9 
31 2 83 2 180 9 
32 5 84 1 151 5 
33 2 85 10 152 12 
34 1 86 8 153 9 
35 4 87 11 154 4 
36 1 88 2 155 10 
37 9 89 10 156 8 
38 10 90 1 157 5 
39 3 61 6 158 11 
40 4 62 8 159 1 
41 2 63 11 160 3 
42 10 64 5 161 9 
43 1 65 9 162 6 
44 12 66 4 163 5 
45 2 67 12 164 6 
46 2 68 9 165 7 
47 4 69 10 166 11 
48 4 70 7 167 6 
49 2 71 8 168 12 
50 2 72 11 169 7 
51 6 73 2 170 3 
52 6 74 7 171 5 
53 10 75 11 172 9 
54 5 76 8 173 8 
55 2 77 6 174 4 
56 7 78 12 175 6 
57 1 79 12 176 12 
25 5 105 4 136 10 
26 7 106 7 137 9 
27 2 107 11 138 12 
28 2 108 11 139 11 
29 1 109 7 140 8 
30 5 110 8 141 10 
1 7 111 8 142 4 
2 11 112 6 143 8 
3 11 113 4 144 5 
4 7 114 6 145 2 
5 9 115 1 146 6 
6 1 116 12 147 7 
7 11 117 5 148 11 
8 4 118 11 149 11 
9 5 119 8 150 7 
10 11 120 3 121 1 
11 11 91 3 122 3 
12 8 92 4 123 10 
13 11 93 12 124 5 
14 10 94 2 125 8 
15 9 95 2 126 7 
16 11 96 4 127 3 
17 11 97 6 128 2 
18 3 98 8 129 7 
19 4 99 8 130 9 
20 4 100 5 131 5 
21 10 101 2 132 11 
22 4 102 6 133 10 
23 9 103 2 134 9 
24 2 104 12 135 11 
29 7 41 9 112 12 
30 2 42 10 113 10 
1 10 43 3 114 6 
2 1 44 4 115 2 
3 6 45 7 116 10 
4 6 46 7 117 12 
5 11 47 7 118 11 
6 1 48 10 119 5 
7 3 49 10 120 5 
8 2 50 1 91 12 
9 9 51 11 92 12 
10 9 52 12 93 4 
11 11 53 12 94 4 
12 1 54 10 95 2 
13 9 55 6 96 8 
14 3 56 7 97 8 
15 1 57 6 98 11 
16 2 58 6 99 8 
17 4 59 12 100 9 
18 3 60 7 101 11 
19 7 31 10 102 11 
20 11 32 2 103 3 
21 2 33 1 104 1 
22 8 34 8 105 12 
23 9 35 4 106 6 
24 4 36 9 107 2 
25 9 37 10 108 9 
26 5 38 8 109 6 
27 2 39 10 110 9 
28 4 40 12 111 3 
81 4 149 5 162 3 
82 3 150 9 163 3 
83 7 121 4 164 6 
84 12 122 3 165 1 
85 11 123 9 166 7 
86 7 124 2 167 12 
87 5 125 8 168 5 
88 1 126 7 169 7 
89 3 127 1 170 11 
90 1 128 4 171 10 
61 12 129 8 172 10 
62 9 130 8 173 8 
63 12 131 7 174 5 
64 9 132 6 175 2 
65 6 133 7 176 5 
66 5 134 10 177 7 
67 6 135 2 178 4 
68 6 136 8 179 9 
69 12 137 12 180 2 
70 12 138 2 151 12 
71 8 139 3 152 1 
72 4 140 10 153 1 
73 5 141 2 154 2 
74 1 142 9 155 2 
75 8 143 3 156 8 
76 6 144 4 157 10 
77 10 145 12 158 1 
78 8 146 1 159 2 
79 2 147 5 160 3 
80 5 148 3 161 5 
56 3 88 1 135 7 222 1 277 7 303 10 
57 11 89 5 136 4 223 10 278 11 304 1 
58 3 90 8 137 8 224 11 279 11 305 6 
59 8 61 6 138 10 225 10 280 7 306 6 
60 3 62 6 139 6 226 4 281 9 307 11 
31 10 63 9 140 1 227 10 282 1 308 1 
32 10 64 6 141 5 228 4 283 11 309 3 
33 11 65 9 142 12 229 1 284 4 310 2 
34 12 66 6 143 11 230 6 285 5 311 9 
35 3 67 1 144 4 231 6 286 11 312 9 
36 6 68 8 145 1 232 8 287 11 313 11 
37 12 69 2 146 12 233 6 288 8 314 1 
38 10 70 6 147 12 234 7 289 11 315 9 
39 1 71 9 148 2 235 10 290 10 316 3 
40 8 72 10 149 1 236 5 291 9 317 1 
41 9 73 2 150 11 237 8 292 11 318 2 
42 10 74 7 121 4 238 6 293 11 319 4 
43 12 75 3 122 11 239 12 294 3 320 3 
44 3 76 9 123 8 240 10 295 4 321 7 
45 1 77 11 124 7 211 1 296 4 322 11 
46 5 78 2 125 6 212 4 297 10 323 2 
47 3 79 12 126 12 213 9 298 4 324 8 
48 2 80 7 127 5 214 5 299 9 325 9 
49 12 81 1 128 5 215 12 300 2 326 4 
50 7 82 11 129 6 216 11 271 5 327 9 
51 10 83 5 130 11 217 6 272 7 328 5 
52 10 84 12 131 8 218 11 273 2 329 2 
53 3 85 5 132 4 219 1 274 2 330 4 
54 2 86 12 133 6 220 2 275 1 301 7 
55 10 87 5 134 2 221 12 276 5 302 2 
4 10 110 5 137 6 195 5 244 2 321 10 
5 8 111 1 138 10 196 12 245 5 322 2 
6 8 112 8 139 12 197 8 246 2 323 1 
7 2 113 9 140 3 198 9 247 1 324 8 
8 5 114 2 141 6 199 9 248 4 325 4 
9 10 115 12 142 10 200 8 249 1 326 9 
10 9 116 9 143 6 201 8 250 9 327 10 
11 8 117 4 144 4 202 2 251 10 328 8 
12 2 118 3 145 1 203 9 252 3 329 10 
13 12 119 6 146 10 204 10 253 4 330 12 
14 1 120 4 147 12 205 5 254 2 301 9 
15 7 91 2 148 12 206 10 255 10 302 10 
16 3 92 6 149 4 207 10 256 1 303 3 
17 12 93 10 150 1 208 6 257 12 304 4 
18 9 94 8 121 4 209 7 258 2 305 7 
19 6 95 1 122 12 210 7 259 2 306 7 
20 1 96 6 123 9 181 8 260 4 307 7 
21 11 97 1 124 1 182 9 261 4 308 10 
22 9 98 4 125 1 183 7 262 2 309 10 
23 3 99 10 126 7 184 11 263 2 310 1 
24 3 100 12 127 2 185 3 264 6 311 11 
25 5 101 8 128 5 186 4 265 6 312 12 
26 9 102 11 129 6 187 3 266 10 313 12 
27 12 103 1 130 9 188 1 267 5 314 10 
28 8 104 2 131 12 189 11 268 2 315 6 
29 5 105 10 132 8 190 3 269 7 316 7 
30 5 106 4 133 11 191 9 270 1 317 6 
1 4 107 6 134 1 192 11 241 10 318 6 
2 10 108 12 135 7 193 4 242 5 319 12 
3 5 109 1 136 1 194 2 243 1 320 7 
52 10 105 8 201 9 224 2 252 6 341 12 
53 12 106 5 202 5 225 1 253 8 342 9 
54 4 107 6 203 11 226 9 254 11 343 12 
55 2 108 3 204 4 227 10 255 5 344 9 
56 12 109 5 205 11 228 1 256 9 345 6 
57 4 110 8 206 2 229 1 257 4 346 5 
58 10 111 8 207 3 230 9 258 12 347 6 
59 7 112 5 208 12 231 1 259 9 348 6 
60 10 113 11 209 5 232 10 260 10 349 12 
31 8 114 8 210 10 233 10 261 7 350 12 
32 12 115 2 181 6 234 4 262 8 351 8 
33 2 116 5 182 11 235 5 263 11 352 4 
34 10 117 2 183 6 236 9 264 2 353 5 
35 7 118 11 184 12 237 6 265 7 354 1 
36 12 119 1 185 2 238 1 266 11 355 8 
37 6 120 11 186 4 239 10 267 8 356 6 
38 9 91 5 187 9 240 10 268 6 357 10 
39 2 92 8 188 4 211 3 269 12 358 8 
40 1 93 2 189 11 212 8 270 12 359 2 
41 2 94 3 190 6 213 5 241 12 360 5 
42 2 95 7 191 5 214 9 242 6 331 4 
43 1 96 6 192 12 215 12 243 12 332 3 
44 7 97 10 193 11 216 10 244 2 333 7 
45 12 98 2 194 7 217 2 245 1 334 12 
46 8 99 11 195 3 218 4 246 10 335 11 
47 1 100 12 196 8 219 5 247 8 336 7 
48 12 101 6 197 10 220 8 248 11 337 5 
49 9 102 6 198 3 221 6 249 2 338 1 
50 9 103 4 199 3 222 8 250 10 339 3 
51 12 104 8 200 12 223 8 251 1 340 1 
18 1 69 8 175 11 183 5 287 3 310 12 
19 11 70 5 176 3 184 8 288 4 311 12 
20 7 71 12 177 1 185 7 289 12 312 4 
21 11 72 8 178 3 186 7 290 2 313 4 
22 2 73 4 179 7 187 1 291 2 314 2 
23 10 74 10 180 2 188 1 292 4 315 8 
24 11 75 4 151 10 189 5 293 6 316 8 
25 4 76 7 152 4 190 5 294 8 317 11 
26 6 77 12 153 6 191 12 295 8 318 8 
27 3 78 8 154 6 192 5 296 5 319 9 
28 10 79 4 155 3 193 3 297 2 320 11 
29 2 80 3 156 9 194 11 298 6 321 11 
30 10 81 3 157 5 195 1 299 2 322 3 
1 1 82 11 158 4 196 5 300 12 323 1 
2 10 83 2 159 2 197 5 271 4 324 12 
3 2 84 4 160 11 198 12 272 7 325 6 
4 8 85 3 161 8 199 6 273 11 326 2 
5 9 86 8 162 4 200 7 274 11 327 9 
6 3 87 2 163 1 201 12 275 7 328 6 
7 11 88 11 164 11 202 4 276 8 329 9 
8 7 89 10 165 8 203 6 277 8 330 3 
9 7 90 5 166 7 204 7 278 6 301 12 
10 2 61 1 167 12 205 9 279 4 302 10 
11 3 62 11 168 10 206 4 280 6 303 6 
12 2 63 9 169 1 207 1 281 1 304 2 
13 1 64 12 170 7 208 4 282 12 305 10 
14 12 65 8 171 8 209 1 283 5 306 12 
15 11 66 7 172 12 210 4 284 11 307 11 
16 8 67 4 173 2 181 4 285 8 308 5 
17 2 68 12 174 2 182 4 286 3 309 5 
41 3 66 6 124 6 160 10 286 1 333 4 
42 11 67 7 125 1 161 9 287 3 334 3 
43 5 68 12 126 5 162 7 288 10 335 9 
44 2 69 8 127 2 163 7 289 5 336 2 
45 12 70 6 128 10 164 8 290 8 337 8 
46 1 71 2 129 2 165 11 291 7 338 7 
47 6 72 11 130 11 166 3 292 3 339 1 
48 6 73 1 131 12 167 7 293 2 340 4 
49 7 74 4 132 9 168 2 294 7 341 8 
50 1 75 6 133 3 169 7 295 9 342 8 
51 1 76 5 134 2 170 6 296 5 343 7 
52 12 77 8 135 5 171 11 297 11 344 6 
53 8 78 5 136 10 172 2 298 10 345 7 
54 10 79 9 137 3 173 7 299 9 346 10 
55 6 80 9 138 11 174 10 300 11 347 2 
56 4 81 1 139 11 175 4 271 10 348 8 
57 11 82 2 140 10 176 1 272 9 349 12 
58 1 83 7 141 12 177 2 273 12 350 2 
59 5 84 12 142 7 178 1 274 11 351 3 
60 2 85 8 143 2 179 3 275 8 352 10 
31 1 86 1 144 7 180 5 276 10 353 2 
32 6 87 3 145 3 151 3 277 4 354 9 
33 10 88 10 146 9 152 2 278 8 355 3 
34 4 89 10 147 12 153 5 279 5 356 4 
35 5 90 5 148 7 154 4 280 2 357 12 
36 8 61 3 149 11 155 3 281 6 358 1 
37 6 62 2 150 8 156 1 282 7 359 5 
38 6 63 1 121 6 157 3 283 11 360 3 
39 10 64 2 122 7 158 2 284 11 331 5 
40 7 65 8 123 1 159 11 285 7 332 9 
7 1 103 8 155 1 224 3 245 5 350 12 
8 6 104 5 156 8 225 5 246 12 351 1 
9 3 105 5 157 8 226 2 247 9 352 1 
10 8 106 12 158 7 227 7 248 4 353 2 
11 3 107 6 159 8 228 8 249 10 354 2 
12 3 108 11 160 10 229 2 250 8 355 8 
13 12 109 10 161 9 230 11 251 5 356 10 
14 4 110 6 162 11 231 4 252 11 357 1 
15 11 111 8 163 6 232 4 253 1 358 2 
16 12 112 6 164 12 233 8 254 3 359 3 
17 3 113 1 165 6 234 5 255 9 360 5 
18 1 114 10 166 8 235 6 256 6 331 3 
19 12 115 5 167 6 236 7 257 5 332 3 
20 11 116 11 168 11 237 5 258 6 333 6 
21 11 117 9 169 9 238 5 259 7 334 1 
22 7 118 10 170 4 239 9 260 11 335 7 
23 12 119 2 171 9 240 11 261 6 336 12 
24 5 120 8 172 7 211 8 262 12 337 5 
25 11 91 7 173 9 212 1 263 7 338 7 
26 9 92 7 174 5 213 1 264 3 339 11 
27 3 93 6 175 1 214 12 265 5 340 10 
28 11 94 8 176 12 215 11 266 9 341 10 
29 1 95 11 177 1 216 7 267 8 342 8 
30 3 96 2 178 8 217 8 268 4 343 5 
1 12 97 10 179 3 218 11 269 6 344 2 
2 2 98 5 180 1 219 4 270 12 345 5 
3 6 99 8 151 1 220 4 241 2 346 7 
4 9 100 2 152 6 221 9 242 4 347 4 
5 11 101 1 153 11 222 7 243 9 348 9 
6 7 102 10 154 1 223 11 244 9 349 2 
