4.60 4.60 4.60 
4.60 4.60 4.60 
-4.60 -4.60 -4.60 
4.60 4.60 4.60 
4.60 4.60 4.60 
-4.60 -4.60 -4.60 
-4.60 -4.60 -4.60 
4.60 4.60 4.60 
4.60 4.60 4.60 
4.60 4.60 4.60 
-4.60 -4.60 -4.60 
4.60 4.60 4.60 
4.60 4.60 4.60 
-4.60 -4.60 -4.60 
4.60 4.60 4.60 
-4.60 -4.60 -4.60 
-4.60 -4.60 -4.60 
4.60 4.60 4.60 
4.60 4.60 4.60 
4.60 4.60 4.60 
4.60 4.60 4.60 
-4.60 -4.60 -4.60 
4.60 4.60 4.60 
4.60 4.60 4.60 
4.60 4.60 4.60 
4.60 4.60 4.60 
4.60 4.60 4.60 
-4.60 -4.60 -4.60 
4.60 4.60 4.60 
-4.60 -4.60 -4.60 
4.60 4.60 4.60 
-4.60 -4.60 -4.60 
-4.60 -4.60 -4.60 
-4.60 -4.60 -4.60 
-4.60 -4.60 -4.60 
4.60 4.60 4.60 
4.60 4.60 4.60 
-4.60 -4.60 -4.60 
4.60 4.60 4.60 
-4.60 -4.60 -4.60 
-4.60 -4.60 -4.60 
-4.60 -4.60 -4.60 
4.60 4.60 4.60 
4.60 4.60 4.60 
-4.60 -4.60 -4.60 
-4.60 -4.60 -4.60 
-4.60 -4.60 -4.60 
4.60 4.60 4.60 
4.60 4.60 4.60 
4.60 4.60 4.60 
-4.60 -4.60 -4.60 
4.60 4.60 4.60 
4.60 4.60 4.60 
-4.60 -4.60 -4.60 
-4.60 -4.60 -4.60 
-4.60 -4.60 -4.60 
4.60 4.60 4.60 
-4.60 -4.60 -4.60 
4.60 4.60 4.60 
-4.60 -4.60 -4.60 
4.60 4.60 4.60 
-4.60 -4.60 -4.60 
4.60 4.60 4.60 
4.60 4.60 4.60 
4.60 4.60 4.60 
4.60 4.60 4.60 
4.60 4.60 4.60 
-4.60 -4.60 -4.60 
-4.60 -4.60 -4.60 
-4.60 -4.60 -4.60 
4.60 4.60 4.60 
-4.60 -4.60 -4.60 
4.60 4.60 4.60 
-4.60 -4.60 -4.60 
4.60 4.60 4.60 
-4.60 -4.60 -4.60 
-4.60 -4.60 -4.60 
-4.60 -4.60 -4.60 
4.60 4.60 4.60 
-4.60 -4.60 -4.60 
-4.60 -4.60 -4.60 
4.60 4.60 4.60 
4.60 4.60 4.60 
4.60 4.60 4.60 
4.60 4.60 4.60 
-4.60 -4.60 -4.60 
4.60 4.60 4.60 
4.60 4.60 4.60 
-4.60 -4.60 -4.60 
4.60 4.60 4.60 
-4.60 -4.60 -4.60 
-4.60 -4.60 -4.60 
4.60 4.60 4.60 
4.60 4.60 4.60 
4.60 4.60 4.60 
-4.60 -4.60 -4.60 
4.60 4.60 4.60 
-4.60 -4.60 -4.60 
-4.60 -4.60 -4.60 
-4.60 -4.60 -4.60 
-4.60 -4.60 -4.60 
4.60 4.60 4.60 
-4.60 -4.60 -4.60 
4.60 4.60 4.60 
-4.60 -4.60 -4.60 
4.60 4.60 4.60 
-4.60 -4.60 -4.60 
4.60 4.60 4.60 
4.60 4.60 4.60 
4.60 4.60 4.60 
-4.60 -4.60 -4.60 
-4.60 -4.60 -4.60 
-4.60 -4.60 -4.60 
4.60 4.60 4.60 
-4.60 -4.60 -4.60 
4.60 4.60 4.60 
4.60 4.60 4.60 
4.60 4.60 4.60 
-4.60 -4.60 -4.60 
-4.60 -4.60 -4.60 
-4.60 -4.60 -4.60 
4.60 4.60 4.60 
-4.60 -4.60 -4.60 
4.60 4.60 4.60 
4.60 4.60 4.60 
4.60 4.60 4.60 
-4.60 -4.60 -4.60 
-4.60 -4.60 -4.60 
-4.60 -4.60 -4.60 
4.60 4.60 4.60 
-4.60 -4.60 -4.60 
4.60 4.60 4.60 
-4.60 -4.60 -4.60 
-4.60 -4.60 -4.60 
-4.60 -4.60 -4.60 
-4.60 -4.60 -4.60 
4.60 4.60 4.60 
4.60 4.60 4.60 
4.60 4.60 4.60 
-4.60 -4.60 -4.60 
4.60 4.60 4.60 
4.60 4.60 4.60 
-4.60 -4.60 -4.60 
4.60 4.60 4.60 
-4.60 -4.60 -4.60 
-4.60 -4.60 -4.60 
-4.60 -4.60 -4.60 
-4.60 -4.60 -4.60 
-4.60 -4.60 -4.60 
-4.60 -4.60 -4.60 
-4.60 -4.60 -4.60 
-4.60 -4.60 -4.60 
4.60 4.60 4.60 
4.60 4.60 4.60 
-4.60 -4.60 -4.60 
-4.60 -4.60 -4.60 
-4.60 -4.60 -4.60 
4.60 4.60 4.60 
-4.60 -4.60 -4.60 
-4.60 -4.60 -4.60 
4.60 4.60 4.60 
-4.60 -4.60 -4.60 
-4.60 -4.60 -4.60 
-4.60 -4.60 -4.60 
-4.60 -4.60 -4.60 
-4.60 -4.60 -4.60 
4.60 4.60 4.60 
4.60 4.60 4.60 
4.60 4.60 4.60 
-4.60 -4.60 -4.60 
-4.60 -4.60 -4.60 
-4.60 -4.60 -4.60 
4.60 4.60 4.60 
-4.60 -4.60 -4.60 
-4.60 -4.60 -4.60 
-4.60 -4.60 -4.60 
4.60 4.60 4.60 
4.60 4.60 4.60 
4.60 4.60 4.60 
-4.60 -4.60 -4.60 
4.60 4.60 4.60 
-4.60 -4.60 -4.60 
4.60 4.60 4.60 
-4.60 -4.60 -4.60 
4.60 4.60 4.60 
-4.60 -4.60 -4.60 
-4.60 -4.60 -4.60 
4.60 4.60 4.60 
4.60 4.60 4.60 
-4.60 -4.60 -4.60 
4.60 4.60 4.60 
4.60 4.60 4.60 
-4.60 -4.60 -4.60 
-4.60 -4.60 -4.60 
-4.60 -4.60 -4.60 
-4.60 -4.60 -4.60 
4.60 4.60 4.60 
4.60 4.60 4.60 
4.60 4.60 4.60 
4.60 4.60 4.60 
4.60 4.60 4.60 
-4.60 -4.60 -4.60 
4.60 4.60 4.60 
4.60 4.60 4.60 
4.60 -4.60 4.60 -4.60 4.60 4.60 
-4.60 4.60 4.60 -4.60 4.60 -4.60 
-4.60 -4.60 -4.60 4.60 4.60 4.60 
4.60 -4.60 -4.60 -4.60 4.60 -4.60 
4.60 4.60 4.60 -4.60 -4.60 4.60 
-4.60 4.60 4.60 -4.60 -4.60 4.60 
4.60 -4.60 4.60 -4.60 -4.60 4.60 
-4.60 -4.60 -4.60 4.60 4.60 4.60 
4.60 -4.60 -4.60 -4.60 -4.60 -4.60 
4.60 4.60 4.60 -4.60 4.60 -4.60 
-4.60 4.60 4.60 4.60 -4.60 4.60 
4.60 4.60 -4.60 -4.60 -4.60 -4.60 
4.60 4.60 4.60 4.60 -4.60 4.60 
-4.60 4.60 -4.60 4.60 4.60 -4.60 
4.60 4.60 4.60 4.60 4.60 -4.60 
-4.60 4.60 -4.60 4.60 -4.60 4.60 
-4.60 -4.60 -4.60 -4.60 -4.60 4.60 
-4.60 4.60 -4.60 4.60 -4.60 4.60 
4.60 4.60 4.60 4.60 4.60 -4.60 
-4.60 -4.60 4.60 4.60 -4.60 4.60 
4.60 -4.60 -4.60 -4.60 -4.60 4.60 
-4.60 4.60 4.60 4.60 4.60 4.60 
-4.60 -4.60 4.60 -4.60 -4.60 4.60 
4.60 -4.60 -4.60 -4.60 -4.60 4.60 
-4.60 4.60 4.60 -4.60 -4.60 -4.60 
4.60 4.60 4.60 -4.60 -4.60 4.60 
4.60 4.60 -4.60 -4.60 -4.60 -4.60 
4.60 -4.60 4.60 -4.60 4.60 4.60 
-4.60 -4.60 -4.60 4.60 4.60 -4.60 
-4.60 -4.60 -4.60 4.60 -4.60 -4.60 
4.60 4.60 -4.60 4.60 -4.60 -4.60 
4.60 -4.60 4.60 4.60 -4.60 -4.60 
-4.60 4.60 -4.60 4.60 -4.60 4.60 
4.60 4.60 -4.60 -4.60 -4.60 4.60 
-4.60 4.60 4.60 -4.60 -4.60 4.60 
4.60 -4.60 4.60 -4.60 4.60 -4.60 
4.60 -4.60 -4.60 4.60 -4.60 -4.60 
-4.60 4.60 -4.60 -4.60 4.60 4.60 
-4.60 4.60 4.60 -4.60 -4.60 4.60 
4.60 -4.60 4.60 4.60 -4.60 -4.60 
4.60 4.60 -4.60 -4.60 -4.60 4.60 
4.60 -4.60 4.60 -4.60 -4.60 4.60 
4.60 4.60 4.60 -4.60 -4.60 4.60 
-4.60 4.60 -4.60 4.60 -4.60 4.60 
4.60 4.60 4.60 -4.60 -4.60 -4.60 
4.60 -4.60 4.60 -4.60 4.60 -4.60 
4.60 4.60 -4.60 -4.60 4.60 -4.60 
-4.60 -4.60 -4.60 4.60 4.60 -4.60 
-4.60 -4.60 -4.60 -4.60 -4.60 -4.60 
-4.60 4.60 4.60 -4.60 -4.60 -4.60 
-4.60 -4.60 -4.60 -4.60 4.60 -4.60 
4.60 4.60 -4.60 4.60 -4.60 4.60 
-4.60 -4.60 -4.60 -4.60 -4.60 4.60 
-4.60 4.60 4.60 4.60 -4.60 4.60 
-4.60 -4.60 4.60 -4.60 4.60 -4.60 
4.60 -4.60 4.60 4.60 4.60 -4.60 
4.60 -4.60 4.60 -4.60 -4.60 -4.60 
-4.60 -4.60 4.60 -4.60 -4.60 4.60 
-4.60 4.60 -4.60 -4.60 4.60 4.60 
4.60 4.60 -4.60 4.60 4.60 -4.60 
4.60 -4.60 4.60 4.60 -4.60 4.60 
-4.60 -4.60 -4.60 -4.60 -4.60 4.60 
4.60 -4.60 4.60 4.60 -4.60 -4.60 
-4.60 4.60 4.60 -4.60 -4.60 4.60 
4.60 -4.60 -4.60 -4.60 4.60 -4.60 
-4.60 -4.60 4.60 -4.60 -4.60 -4.60 
4.60 4.60 4.60 -4.60 4.60 -4.60 
4.60 -4.60 -4.60 -4.60 4.60 -4.60 
-4.60 4.60 4.60 -4.60 4.60 -4.60 
-4.60 -4.60 -4.60 4.60 4.60 -4.60 
4.60 4.60 4.60 -4.60 -4.60 4.60 
4.60 -4.60 4.60 -4.60 -4.60 -4.60 
4.60 -4.60 4.60 4.60 -4.60 -4.60 
4.60 4.60 4.60 4.60 4.60 -4.60 
-4.60 4.60 4.60 4.60 4.60 -4.60 
-4.60 -4.60 4.60 4.60 4.60 4.60 
-4.60 4.60 4.60 -4.60 -4.60 -4.60 
4.60 -4.60 4.60 4.60 -4.60 -4.60 
4.60 4.60 -4.60 -4.60 -4.60 -4.60 
4.60 -4.60 -4.60 4.60 -4.60 4.60 
4.60 -4.60 -4.60 -4.60 4.60 4.60 
4.60 4.60 4.60 -4.60 4.60 -4.60 
-4.60 4.60 -4.60 4.60 4.60 4.60 
4.60 4.60 4.60 -4.60 -4.60 -4.60 
4.60 -4.60 4.60 -4.60 4.60 4.60 
4.60 4.60 -4.60 4.60 4.60 4.60 
-4.60 4.60 4.60 -4.60 -4.60 -4.60 
4.60 4.60 4.60 4.60 -4.60 4.60 
4.60 -4.60 4.60 4.60 -4.60 4.60 
4.60 4.60 4.60 -4.60 -4.60 4.60 
-4.60 -4.60 4.60 -4.60 4.60 4.60 
4.60 -4.60 4.60 4.60 4.60 -4.60 
-4.60 4.60 -4.60 4.60 4.60 4.60 
4.60 -4.60 4.60 4.60 -4.60 4.60 
-4.60 4.60 -4.60 4.60 4.60 -4.60 
-4.60 4.60 -4.60 -4.60 -4.60 4.60 
-4.60 -4.60 -4.60 4.60 4.60 4.60 
4.60 4.60 -4.60 4.60 -4.60 4.60 
4.60 -4.60 -4.60 -4.60 4.60 -4.60 
4.60 4.60 -4.60 -4.60 4.60 4.60 
4.60 -4.60 -4.60 -4.60 4.60 -4.60 
-4.60 -4.60 4.60 -4.60 -4.60 -4.60 
18.38 18.38 -18.38 18.38 18.38 -18.38 -18.38 18.38 18.38 18.38 -18.38 18.38 18.38 -18.38 18.38 -18.38 -18.38 18.38 18.38 18.38 18.38 -18.38 18.38 18.38 18.38 18.38 18.38 -18.38 18.38 -18.38 18.38 -18.38 -18.38 -18.38 -18.38 18.38 18.38 -18.38 18.38 -18.38 -18.38 -18.38 18.38 18.38 -18.38 -18.38 -18.38 18.38 18.38 18.38 -18.38 18.38 18.38 -18.38 -18.38 -18.38 18.38 -18.38 18.38 -18.38 18.38 -18.38 18.38 18.38 18.38 18.38 18.38 -18.38 -18.38 -18.38 18.38 -18.38 18.38 -18.38 18.38 -18.38 -18.38 -18.38 18.38 -18.38 -18.38 18.38 18.38 18.38 18.38 -18.38 18.38 18.38 -18.38 18.38 -18.38 -18.38 18.38 18.38 18.38 -18.38 18.38 -18.38 -18.38 -18.38 -18.38 18.38 -18.38 18.38 -18.38 18.38 -18.38 18.38 18.38 18.38 -18.38 -18.38 -18.38 18.38 -18.38 18.38 18.38 18.38 -18.38 -18.38 -18.38 18.38 -18.38 18.38 18.38 18.38 -18.38 -18.38 -18.38 18.38 -18.38 18.38 -18.38 -18.38 -18.38 -18.38 18.38 18.38 18.38 -18.38 18.38 18.38 -18.38 18.38 -18.38 -18.38 -18.38 -18.38 -18.38 -18.38 -18.38 -18.38 18.38 18.38 -18.38 -18.38 -18.38 18.38 -18.38 -18.38 18.38 -18.38 -18.38 -18.38 -18.38 -18.38 18.38 18.38 18.38 -18.38 -18.38 -18.38 18.38 -18.38 -18.38 -18.38 18.38 18.38 18.38 -18.38 18.38 -18.38 18.38 -18.38 18.38 -18.38 -18.38 18.38 18.38 -18.38 18.38 18.38 -18.38 -18.38 -18.38 -18.38 18.38 18.38 18.38 18.38 18.38 -18.38 18.38 18.38 
