1057 244 13
3 13
3 3 3 3 3 3 3 3 3 3 3 3 3 3 3 3 3 3 3 3 3 3 3 3 3 3 3 3 3 3 3 3 3 3 3 3 3 3 3 3 3 3 3 3 3 3 3 3 3 3 3 3 3 3 3 3 3 3 3 3 3 3 3 3 3 3 3 3 3 3 3 3 3 3 3 3 3 3 3 3 3 3 3 3 3 3 3 3 3 3 3 3 3 3 3 3 3 3 3 3 3 3 3 3 3 3 3 3 3 3 3 3 3 3 3 3 3 3 3 3 3 3 3 3 3 3 3 3 3 3 3 3 3 3 3 3 3 3 3 3 3 3 3 3 3 3 3 3 3 3 3 3 3 3 3 3 3 3 3 3 3 3 3 3 3 3 3 3 3 3 3 3 3 3 3 3 3 3 3 3 3 3 3 3 3 3 3 3 3 3 3 3 3 3 3 3 3 3 3 3 3 3 3 3 3 3 3 3 3 3 3 3 3 3 3 3 3 3 3 3 3 3 3 3 3 3 3 3 3 3 3 3 3 3 3 3 3 3 3 3 3 3 3 3 3 3 3 3 3 3 3 3 3 3 3 3 3 3 3 3 3 3 3 3 3 3 3 3 3 3 3 3 3 3 3 3 3 3 3 3 3 3 3 3 3 3 3 3 3 3 3 3 3 3 3 3 3 3 3 3 3 3 3 3 3 3 3 3 3 3 3 3 3 3 3 3 3 3 3 3 3 3 3 3 3 3 3 3 3 3 3 3 3 3 3 3 3 3 3 3 3 3 3 3 3 3 3 3 3 3 3 3 3 3 3 3 3 3 3 3 3 3 3 3 3 3 3 3 3 3 3 3 3 3 3 3 3 3 3 3 3 3 3 3 3 3 3 3 3 3 3 3 3 3 3 3 3 3 3 3 3 3 3 3 3 3 3 3 3 3 3 3 3 3 3 3 3 3 3 3 3 3 3 3 3 3 3 3 3 3 3 3 3 3 3 3 3 3 3 3 3 3 3 3 3 3 3 3 3 3 3 3 3 3 3 3 3 3 3 3 3 3 3 3 3 3 3 3 3 3 3 3 3 3 3 3 3 3 3 3 3 3 3 3 3 3 3 3 3 3 3 3 3 3 3 3 3 3 3 3 3 3 3 3 3 3 3 3 3 3 3 3 3 3 3 3 3 3 3 3 3 3 3 3 3 3 3 3 3 3 3 3 3 3 3 3 3 3 3 3 3 3 3 3 3 3 3 3 3 3 3 3 3 3 3 3 3 3 3 3 3 3 3 3 3 3 3 3 3 3 3 3 3 3 3 3 3 3 3 3 3 3 3 3 3 3 3 3 3 3 3 3 3 3 3 3 3 3 3 3 3 3 3 3 3 3 3 3 3 3 3 3 3 3 3 3 3 3 3 3 3 3 3 3 3 3 3 3 3 3 3 3 3 3 3 3 3 3 3 3 3 3 3 3 3 3 3 3 3 3 3 3 3 3 3 3 3 3 3 3 3 3 3 3 3 3 3 3 3 3 3 3 3 3 3 3 3 3 3 3 3 3 3 3 3 3 3 3 3 3 3 3 3 3 3 3 3 3 3 3 3 3 3 3 3 3 3 3 3 3 3 3 3 3 3 3 3 3 3 3 3 3 3 3 3 3 3 3 3 3 3 3 3 3 3 3 3 3 3 3 3 3 3 3 3 3 3 3 3 3 3 3 3 3 3 3 3 3 3 3 3 3 3 3 3 3 3 3 3 3 3 3 3 3 3 3 3 3 3 3 3 3 3 3 3 3 3 3 3 3 3 3 3 3 3 3 3 3 3 3 3 3 3 3 3 3 3 3 3 3 3 3 3 3 3 3 3 3 3 3 3 3 3 3 3 3 3 3 3 3 3 3 3 3 3 3 3 3 3 3 3 3 3 3 3 3 3 3 3 3 3 3 3 3 3 3 3 3 3 3 3 3 3 3 3 3 3 3 3 3 3 3 3 3 3 3 3 3 3 3 3 3 3 3 3 3 3 3 3 3 3 3 3 3 3 3 3 3 3 3 3 3 3 3 3 3 3 3 3 3 3 3 3 3 3 3 3 3 3 3 3 3 3 3 3 3 3 3 3 3 3 3 3 3 3 3 3 3 3 3 3 3 3 3 3 3 3 3 3 3 3 3 3 3 3 3 3 3 3 3 3 3 3 3 3 3 3 3 3 3 3 3 3 3 3 3 3 3 3 3 3 3 3 3 3 3 3 3 3 3 3 3 3 3 3 3 3 3 3 3 3 3 3 3 3 3 3 3 3 3 3 3 3 3 3 3 3 3 3 3 3 3 3 3 3 3 3 3 3 3 3 3 3 3 3 3 3 3 3 3 3 3 3 3 3 3 3 3 3 3 3 3 3 3 3 3 3 
13 13 13 13 13 13 13 13 13 13 13 13 13 13 13 13 13 13 13 13 13 13 13 13 13 13 13 13 13 13 13 13 13 13 13 13 13 13 13 13 13 13 13 13 13 13 13 13 13 13 13 13 13 13 13 13 13 13 13 13 13 13 13 13 13 13 13 13 13 13 13 13 13 13 13 13 13 13 13 13 13 13 13 13 13 13 13 13 13 13 13 13 13 13 13 13 13 13 13 13 13 13 13 13 13 13 13 13 13 13 13 13 13 13 13 13 13 13 13 13 13 13 13 13 13 13 13 13 13 13 13 13 13 13 13 13 13 13 13 13 13 13 13 13 13 13 13 13 13 13 13 13 13 13 13 13 13 13 13 13 13 13 13 13 13 13 13 13 13 13 13 13 13 13 13 13 13 13 13 13 13 13 13 13 13 13 13 13 13 13 13 13 13 13 13 13 13 13 13 13 13 13 13 13 13 13 13 13 13 13 13 13 13 13 13 13 13 13 13 13 13 13 13 13 13 13 13 13 13 13 13 13 13 13 13 13 13 13 13 13 13 13 13 12 
35 10 115 11 223 2 
21 11 40 8 93 2 
87 4 108 7 169 12 
9 12 128 2 143 12 
95 12 134 6 174 10 
22 2 185 6 189 11 
221 10 236 12 239 8 
48 1 209 11 224 12 
10 9 67 10 145 9 
88 5 103 8 124 3 
73 9 139 1 180 4 
13 1 66 2 85 10 
53 9 121 4 236 12 
10 1 58 6 158 5 
85 10 205 10 232 3 
128 6 133 6 181 8 
16 9 31 10 129 4 
63 9 138 8 154 2 
1 2 78 6 208 12 
71 5 96 8 118 3 
15 10 34 4 58 7 
8 9 64 11 197 12 
78 7 171 2 174 2 
74 4 90 11 180 4 
116 10 156 3 178 12 
164 5 198 3 217 4 
64 8 160 6 178 5 
32 10 105 8 147 7 
72 12 111 4 119 10 
18 10 77 5 212 7 
25 1 178 1 194 7 
33 10 69 12 97 2 
102 7 152 6 235 1 
13 5 134 2 209 10 
162 4 185 7 193 2 
55 8 143 4 183 8 
56 9 104 9 222 6 
21 2 45 3 92 11 
9 2 23 10 47 7 
186 12 218 1 242 6 
73 2 112 12 219 1 
58 10 98 10 137 11 
1 2 4 5 18 4 
9 10 80 6 122 11 
70 3 99 4 103 2 
56 2 160 11 203 7 
11 7 64 2 147 11 
73 8 118 5 194 7 
11 5 62 1 66 3 
112 2 183 3 242 3 
20 6 46 1 132 11 
3 12 34 6 156 6 
8 5 93 11 147 5 
82 2 113 10 220 5 
127 3 153 5 214 2 
29 2 94 12 205 12 
68 7 212 1 220 3 
50 5 110 10 236 1 
58 1 59 3 105 8 
32 9 104 8 161 6 
17 7 29 4 59 9 
114 3 141 9 200 3 
152 5 217 8 222 10 
91 1 129 12 182 10 
103 6 161 6 210 6 
74 4 130 7 159 7 
85 10 92 10 127 8 
46 5 164 10 175 7 
39 5 62 12 170 11 
55 7 57 8 181 8 
144 3 208 4 216 6 
99 3 165 11 224 3 
14 3 126 3 242 3 
154 6 173 4 230 12 
112 6 116 3 192 11 
14 12 40 6 182 2 
16 4 191 5 243 8 
54 4 206 8 208 9 
102 3 151 2 186 4 
121 4 156 6 164 7 
126 2 195 4 235 10 
12 1 50 12 221 9 
20 6 99 7 220 3 
24 6 205 12 219 7 
45 7 145 3 207 6 
13 8 146 9 171 5 
89 5 111 12 220 1 
81 11 148 11 215 10 
87 2 115 4 200 5 
33 9 43 2 132 9 
77 2 114 8 172 6 
37 10 51 9 181 11 
65 11 202 5 203 9 
70 3 85 1 120 9 
41 7 189 6 201 11 
3 8 88 8 165 11 
39 10 146 7 224 3 
32 3 54 11 84 1 
28 6 189 3 224 12 
26 9 39 7 232 6 
83 1 108 9 109 1 
26 1 165 7 190 2 
62 10 132 10 214 9 
4 2 113 8 140 7 
23 12 158 8 234 10 
128 6 149 6 172 10 
56 2 121 2 168 3 
31 5 213 10 223 10 
31 1 52 5 226 7 
125 6 141 8 243 8 
34 4 142 6 207 1 
106 12 174 3 225 2 
22 5 48 3 186 6 
45 5 104 12 147 12 
50 1 82 9 133 4 
37 6 103 7 154 12 
29 6 223 12 233 4 
29 9 90 8 98 7 
20 9 59 8 239 3 
97 2 114 12 169 3 
75 1 183 7 235 11 
31 9 46 3 228 5 
28 6 92 12 144 2 
19 11 141 8 199 5 
76 3 116 6 242 6 
107 2 201 8 213 3 
128 5 140 7 211 4 
9 4 74 8 123 4 
144 10 190 12 222 9 
29 5 74 8 216 2 
26 11 114 11 135 10 
61 4 165 8 185 1 
37 6 115 4 240 2 
21 3 28 6 79 2 
5 8 69 6 191 9 
173 9 211 8 221 1 
86 1 214 4 215 7 
68 8 115 5 145 10 
199 9 213 12 215 7 
82 4 137 2 195 8 
12 10 59 6 223 2 
18 4 91 2 125 4 
75 6 206 7 219 6 
130 11 184 7 215 12 
129 8 155 12 205 3 
44 9 69 4 193 9 
91 9 233 1 244 4 
46 3 81 9 190 11 
10 5 51 10 171 9 
145 1 165 8 234 5 
27 11 114 1 212 6 
12 6 95 6 218 10 
101 4 123 10 208 6 
77 1 82 3 231 9 
48 6 158 2 238 5 
133 8 136 3 172 9 
125 3 207 12 228 4 
47 10 182 3 188 4 
86 2 135 7 203 9 
6 7 147 6 204 8 
38 8 172 9 214 8 
99 12 236 3 243 9 
210 3 213 2 228 8 
42 6 110 6 137 8 
66 10 196 5 239 8 
5 5 178 11 183 10 
52 4 174 8 191 7 
16 7 110 11 126 4 
178 4 197 2 237 12 
11 8 129 6 214 8 
11 7 204 8 227 7 
13 9 61 7 206 12 
69 3 149 2 209 2 
42 1 186 5 214 6 
38 5 141 10 223 8 
142 10 151 12 170 12 
87 3 163 2 219 9 
26 2 125 7 209 7 
83 11 112 6 129 5 
104 9 119 9 195 7 
13 5 41 2 135 8 
4 4 34 1 100 10 
90 3 133 6 187 9 
75 5 154 9 227 5 
108 9 126 9 137 6 
46 1 167 4 220 6 
69 4 165 3 237 10 
139 6 187 11 223 5 
139 10 151 5 218 10 
5 10 49 5 59 3 
43 10 73 12 80 4 
61 9 163 6 208 11 
30 10 77 3 189 11 
34 12 108 7 125 11 
5 8 205 2 213 3 
6 5 84 9 166 10 
130 10 148 4 185 7 
24 2 45 2 202 2 
35 9 64 6 110 3 
98 6 100 2 154 1 
64 11 97 7 217 12 
57 9 58 7 184 10 
86 11 96 12 223 1 
131 11 145 8 232 12 
35 7 143 6 177 10 
88 3 212 6 240 11 
88 7 95 11 122 9 
37 8 96 3 197 8 
22 2 71 8 188 8 
1 9 168 11 240 12 
2 10 102 7 103 12 
2 7 10 1 242 2 
81 11 142 6 185 11 
125 3 149 7 151 8 
12 1 151 8 209 5 
6 1 78 6 112 3 
60 2 192 3 202 2 
30 3 55 1 73 8 
109 4 112 7 227 9 
41 6 83 7 95 6 
71 2 75 6 160 11 
90 11 104 4 115 3 
160 7 164 8 182 6 
61 3 66 12 186 1 
137 2 205 2 239 2 
133 8 179 7 194 1 
108 12 175 9 202 9 
14 1 26 11 45 12 
96 12 184 11 232 10 
33 7 230 3 234 5 
104 2 117 1 221 12 
20 4 83 4 222 4 
105 6 109 8 233 1 
1 11 76 7 131 11 
162 5 164 6 242 1 
24 3 119 8 139 4 
43 11 135 2 234 12 
117 7 179 9 192 12 
122 4 157 5 197 6 
11 10 116 10 134 2 
4 3 44 5 231 1 
6 7 72 5 126 3 
13 3 67 11 78 9 
36 6 57 11 117 2 
148 9 150 9 167 7 
18 3 150 8 200 4 
38 2 62 3 184 11 
149 1 198 3 223 1 
113 6 184 1 197 11 
101 3 215 2 241 4 
134 6 204 2 216 12 
29 4 49 4 80 1 
7 4 202 1 205 7 
55 10 166 8 222 2 
7 1 84 10 240 11 
17 7 86 2 216 10 
68 5 111 4 233 9 
94 1 170 1 238 9 
22 8 32 7 194 9 
35 9 184 10 198 4 
1 9 142 7 167 5 
144 1 196 10 210 5 
40 8 213 9 219 2 
157 2 177 7 243 6 
173 11 195 10 200 9 
85 1 138 1 153 2 
17 10 146 12 200 9 
3 2 106 9 176 2 
100 2 218 8 244 4 
77 8 121 9 175 7 
9 9 101 3 240 9 
52 12 170 11 202 2 
75 5 119 5 201 9 
25 8 33 10 158 5 
109 3 155 2 229 10 
80 3 128 5 182 7 
2 3 49 8 74 6 
4 2 14 10 118 2 
95 4 116 3 233 7 
38 2 57 5 173 2 
84 2 159 10 162 4 
93 8 186 12 235 6 
14 9 20 10 157 6 
117 8 141 2 218 12 
170 3 181 4 242 10 
46 6 79 10 157 5 
35 4 191 1 218 9 
67 6 98 6 208 8 
47 1 137 4 196 10 
97 9 163 2 218 2 
26 2 108 1 238 6 
27 8 95 9 221 7 
37 2 68 8 107 2 
120 2 229 2 235 2 
21 3 179 3 204 4 
51 4 140 3 169 4 
72 11 108 9 179 7 
111 3 137 3 217 1 
65 11 133 9 210 7 
103 4 120 2 200 8 
9 12 22 3 138 4 
7 5 93 1 152 9 
8 5 23 12 71 5 
129 8 140 2 166 5 
18 2 136 10 195 11 
92 5 135 9 243 4 
57 7 131 10 193 8 
1 5 186 4 197 6 
15 6 96 5 100 7 
15 9 22 6 27 6 
53 2 147 1 157 4 
15 4 40 8 160 12 
14 12 66 6 173 3 
155 10 156 10 182 9 
84 9 163 2 207 9 
101 6 161 3 201 2 
3 10 201 3 208 2 
43 8 131 11 244 7 
2 9 156 2 211 12 
60 7 63 9 144 1 
109 10 211 9 241 2 
91 7 107 4 159 7 
53 5 140 5 238 3 
25 4 222 1 234 12 
18 8 157 12 185 2 
9 12 133 10 215 7 
10 6 199 4 230 10 
62 3 181 1 229 10 
42 9 126 9 151 8 
81 6 123 5 143 10 
60 4 85 10 204 10 
121 11 195 7 207 8 
73 12 141 6 212 1 
30 11 44 8 117 5 
83 12 196 3 197 8 
29 8 40 5 130 2 
76 1 175 6 239 3 
2 9 90 5 141 11 
139 9 208 7 221 3 
4 12 65 4 166 12 
60 3 97 5 105 2 
4 8 134 3 199 1 
6 9 124 5 148 8 
40 5 177 8 222 1 
92 11 118 10 169 9 
15 10 161 5 235 8 
21 7 38 7 73 4 
71 3 121 6 243 3 
24 10 68 12 141 1 
37 7 42 2 142 10 
27 12 58 1 121 12 
3 1 160 9 189 10 
6 7 20 11 177 11 
13 8 71 2 244 3 
23 3 122 1 203 2 
1 8 53 12 150 5 
171 5 172 12 224 12 
135 9 206 12 217 10 
51 5 63 8 173 3 
86 4 136 9 235 7 
81 5 95 8 228 10 
136 8 158 7 200 8 
36 7 38 1 43 9 
25 12 123 5 124 12 
117 5 211 11 233 6 
85 5 99 3 118 2 
94 4 120 9 226 10 
28 9 65 1 179 11 
59 12 79 10 97 1 
103 5 109 9 140 9 
61 3 118 4 199 9 
70 6 136 8 219 3 
23 3 49 10 168 10 
58 12 155 2 161 3 
108 2 227 6 228 3 
82 11 93 2 99 1 
67 7 100 10 155 4 
6 3 69 5 203 3 
25 7 102 11 140 8 
16 2 148 5 241 1 
92 7 107 6 231 12 
9 10 158 6 203 11 
51 2 72 5 82 12 
105 12 160 9 215 8 
31 5 126 12 209 2 
58 9 69 8 100 10 
41 5 70 9 149 11 
24 4 51 7 143 12 
102 7 138 4 216 8 
23 5 31 10 155 5 
119 6 126 9 233 12 
52 4 53 11 72 9 
17 12 191 1 217 5 
10 8 27 4 190 3 
52 9 63 8 193 8 
36 8 39 1 72 5 
40 6 198 3 227 9 
190 11 193 4 225 9 
45 2 190 11 239 2 
1 8 36 5 190 10 
16 7 115 6 116 11 
8 5 176 6 189 12 
38 1 176 12 199 3 
50 9 80 8 105 9 
57 5 69 8 212 10 
12 1 94 2 149 12 
66 8 67 3 168 5 
7 2 68 4 81 4 
54 4 89 2 209 5 
5 2 29 11 219 2 
15 12 56 5 202 1 
36 5 71 9 200 10 
93 7 132 9 225 11 
94 1 199 4 211 1 
99 3 174 9 230 9 
22 11 102 7 237 1 
139 12 196 10 203 4 
95 7 163 12 192 9 
41 11 183 6 237 6 
12 7 39 4 140 9 
19 7 161 8 175 4 
42 2 50 6 196 5 
78 10 165 10 216 9 
30 2 36 1 122 7 
76 4 155 12 226 12 
10 4 146 10 175 11 
131 8 196 11 230 12 
64 7 166 9 206 7 
16 1 37 6 225 8 
32 7 148 5 178 12 
54 10 76 11 165 5 
88 8 111 11 202 12 
160 9 176 3 187 8 
26 1 74 5 106 9 
19 12 176 10 188 6 
18 10 196 6 198 12 
25 12 126 11 227 5 
91 6 110 3 170 10 
49 11 107 11 197 7 
106 8 113 2 123 11 
15 6 32 3 120 11 
39 10 106 11 159 4 
163 9 183 8 238 2 
170 5 173 4 231 9 
18 4 145 11 216 10 
101 5 188 6 204 9 
87 11 133 8 177 7 
28 4 56 6 230 9 
17 11 134 9 240 1 
20 9 94 6 227 6 
191 2 207 10 220 4 
127 3 163 5 213 5 
124 7 177 7 234 5 
38 5 95 7 138 8 
58 12 70 9 122 5 
19 10 79 2 86 1 
89 2 182 2 232 4 
40 4 69 1 136 7 
15 2 16 2 189 8 
124 11 167 12 199 7 
44 12 57 7 152 7 
80 4 137 6 143 6 
48 1 71 11 232 1 
50 6 167 10 180 5 
174 8 182 10 219 11 
87 12 172 3 241 4 
92 11 208 8 220 7 
64 8 91 10 177 7 
59 3 63 6 150 6 
62 12 103 8 116 9 
138 9 157 5 232 7 
52 7 65 2 142 7 
49 9 67 6 188 11 
16 9 34 5 139 6 
125 5 189 10 219 9 
19 6 53 9 94 12 
13 10 23 9 207 2 
63 5 171 8 195 6 
54 1 72 3 120 11 
174 1 192 11 206 1 
83 9 237 7 244 3 
102 7 165 2 168 9 
123 8 166 1 169 1 
53 2 74 1 100 6 
50 10 79 8 241 7 
135 11 155 2 189 11 
9 2 54 7 146 2 
31 7 113 1 131 10 
5 11 110 12 124 12 
36 7 42 4 77 2 
41 7 51 8 84 10 
55 1 94 8 187 7 
111 3 138 12 149 8 
32 6 153 12 206 8 
42 6 107 11 194 7 
23 7 87 9 100 5 
117 3 151 7 239 11 
44 5 169 2 214 6 
5 4 153 5 160 11 
3 5 90 5 210 5 
34 2 45 4 60 2 
154 6 194 4 210 4 
91 6 98 2 188 6 
20 9 66 3 213 10 
55 1 176 5 229 1 
34 3 73 1 163 3 
97 2 179 4 184 3 
82 2 84 8 227 11 
14 12 204 3 236 6 
6 5 56 7 228 4 
65 1 78 6 182 3 
3 1 89 12 127 6 
52 12 95 10 119 1 
116 9 151 9 241 8 
98 7 142 3 194 10 
24 3 27 5 105 11 
4 11 8 5 121 4 
107 8 166 11 178 11 
185 8 192 4 235 11 
3 6 22 11 137 1 
158 7 186 9 230 3 
141 5 178 3 203 4 
35 5 173 7 179 1 
79 7 231 4 242 3 
44 3 127 2 139 12 
26 12 145 10 184 9 
18 3 167 5 209 3 
47 1 106 4 132 9 
75 8 113 7 224 6 
100 4 134 7 144 10 
91 10 134 7 194 9 
37 8 136 2 166 7 
67 5 106 2 124 2 
29 3 240 9 242 6 
49 9 118 4 204 1 
54 7 200 4 234 12 
41 11 212 5 239 1 
25 9 50 11 130 12 
11 1 83 6 193 7 
2 9 8 9 230 8 
8 9 205 5 212 7 
7 2 127 1 188 12 
177 4 193 8 227 12 
10 3 48 3 162 5 
24 12 133 5 238 4 
48 2 131 5 240 5 
92 2 172 6 213 2 
12 8 162 1 216 7 
118 10 124 3 128 6 
39 7 182 1 217 6 
65 8 104 3 176 11 
64 12 86 11 171 7 
19 4 229 9 236 3 
1 12 22 8 210 8 
77 3 79 2 110 4 
33 11 225 11 237 9 
59 9 179 3 197 7 
34 10 158 5 177 12 
107 2 188 4 222 7 
61 1 135 9 202 7 
123 7 139 10 159 11 
204 10 229 4 238 6 
88 10 97 2 238 2 
9 4 59 7 86 12 
39 9 41 4 199 4 
174 11 211 11 217 8 
152 4 207 2 236 11 
2 8 38 12 221 1 
113 8 163 4 206 10 
104 3 105 6 184 5 
16 10 25 9 56 3 
88 4 156 2 186 9 
75 7 83 3 156 2 
197 6 216 11 219 7 
11 1 21 1 108 10 
101 6 230 5 243 10 
64 5 80 7 175 9 
98 11 155 4 233 8 
28 12 61 1 156 8 
157 5 176 4 190 4 
57 10 64 12 90 3 
63 10 98 3 120 12 
38 10 121 6 128 9 
55 6 106 10 179 5 
111 1 135 8 164 11 
141 3 169 6 241 9 
70 1 215 12 217 10 
41 7 60 3 77 6 
1 7 44 12 195 11 
27 12 117 9 185 5 
35 12 136 6 203 3 
27 5 89 9 102 7 
23 10 148 12 198 12 
11 7 28 12 142 2 
96 1 123 4 168 7 
83 7 128 11 223 7 
66 6 132 7 235 9 
88 1 98 10 150 2 
40 6 102 4 179 5 
52 8 56 3 110 4 
43 3 144 3 162 4 
21 11 66 6 87 5 
17 3 127 12 201 5 
113 11 115 8 210 5 
27 11 162 10 239 6 
76 10 183 11 192 6 
47 5 76 8 111 11 
105 9 180 5 181 9 
100 12 111 7 170 7 
36 4 41 1 115 3 
87 2 217 6 243 1 
69 11 101 8 180 1 
89 1 164 3 183 6 
22 2 44 1 82 9 
49 5 221 10 225 6 
103 6 147 1 218 1 
10 2 28 8 85 3 
147 11 202 11 234 12 
131 6 210 3 222 3 
12 7 31 10 74 5 
97 6 165 8 187 12 
8 2 84 9 110 7 
19 6 96 11 129 5 
5 3 99 8 170 8 
65 4 127 10 130 12 
96 12 122 2 238 3 
39 1 89 8 144 2 
24 5 106 11 201 7 
93 5 134 3 193 6 
43 12 79 2 209 6 
53 11 88 1 231 9 
46 12 55 4 126 2 
85 9 114 11 229 8 
99 11 198 3 228 10 
37 5 191 6 226 2 
23 10 74 8 81 9 
108 10 130 1 171 12 
127 6 148 10 180 9 
70 10 145 2 152 6 
28 8 115 12 137 11 
55 11 156 7 241 7 
76 11 161 1 172 11 
84 5 186 1 194 9 
36 2 114 2 144 8 
34 4 70 4 159 5 
60 5 153 5 235 8 
54 3 68 3 135 2 
67 4 170 10 224 3 
98 9 101 9 225 10 
15 10 30 4 212 4 
30 7 201 4 214 10 
46 10 47 7 232 4 
44 9 150 3 154 6 
92 5 211 7 229 12 
62 10 77 12 226 3 
91 7 152 1 180 10 
19 8 48 11 149 12 
48 12 76 5 152 1 
14 7 122 3 218 3 
25 4 68 2 224 9 
7 9 43 7 86 5 
35 10 72 7 132 12 
33 11 67 5 111 7 
122 5 131 8 150 10 
21 9 53 2 163 10 
47 1 65 5 175 9 
20 10 109 5 143 9 
60 11 167 3 214 2 
140 3 143 5 207 4 
96 12 225 1 226 8 
17 2 62 11 232 3 
50 7 75 12 208 5 
12 1 80 3 222 5 
13 5 147 3 150 12 
25 9 183 12 236 6 
2 12 19 1 147 8 
14 10 78 3 94 12 
67 10 99 10 169 7 
51 10 54 4 198 3 
154 4 206 8 237 10 
63 4 125 5 244 11 
60 8 94 12 162 3 
90 10 145 9 229 3 
19 6 205 5 234 8 
119 10 144 2 239 10 
123 11 190 5 211 6 
3 7 143 9 242 9 
58 10 73 5 149 6 
48 12 81 7 193 11 
120 4 154 8 233 8 
56 12 185 2 213 7 
21 7 110 2 229 11 
124 11 153 6 230 10 
82 2 168 8 174 4 
47 6 104 11 226 3 
12 4 109 6 146 5 
112 10 136 12 231 2 
33 3 161 9 180 5 
159 12 183 12 220 8 
89 11 171 5 205 8 
112 12 160 7 241 12 
8 9 26 6 172 8 
17 11 43 3 52 5 
56 12 75 5 218 8 
153 11 180 12 221 8 
86 2 191 1 193 8 
61 7 181 12 192 9 
78 8 129 7 190 4 
78 12 85 7 119 1 
13 9 32 7 127 1 
73 11 157 4 174 3 
122 2 132 4 198 3 
136 8 181 1 237 4 
115 4 118 11 132 6 
62 10 188 8 228 10 
43 2 118 12 154 11 
52 1 81 6 231 4 
17 8 153 3 195 7 
2 8 46 8 89 6 
24 1 30 7 74 5 
5 2 133 6 151 6 
105 7 167 10 244 9 
158 11 184 1 244 3 
93 6 171 12 201 10 
7 6 215 5 220 1 
66 9 102 7 106 3 
44 6 128 3 243 10 
48 5 125 12 178 1 
8 10 63 8 232 7 
7 8 71 9 226 2 
129 11 185 1 203 4 
156 3 176 12 209 1 
14 7 75 8 87 8 
101 11 216 1 233 10 
124 7 140 9 159 3 
79 7 204 9 237 12 
7 6 50 2 117 1 
49 8 88 10 210 9 
49 5 130 12 146 7 
46 12 87 1 224 3 
51 10 59 11 212 10 
112 4 175 2 226 11 
26 10 33 4 57 3 
20 4 28 10 158 10 
83 7 84 7 171 4 
109 9 121 10 181 6 
24 6 33 6 114 4 
45 9 132 11 224 11 
53 9 138 4 228 9 
60 2 72 2 150 3 
35 2 116 8 142 1 
7 10 42 9 221 12 
2 6 45 8 82 11 
71 7 167 4 198 12 
80 1 120 4 150 12 
77 5 109 4 168 2 
27 11 76 2 211 4 
175 11 189 6 238 8 
123 7 181 9 231 1 
62 7 90 1 159 10 
97 5 148 11 157 3 
31 7 32 12 138 1 
119 1 162 1 194 9 
45 8 90 2 103 10 
33 8 146 1 164 1 
72 2 146 10 178 2 
146 3 153 3 173 2 
4 11 32 9 119 9 
93 8 117 7 145 4 
57 8 130 2 167 2 
36 1 129 12 187 12 
61 2 168 6 177 8 
30 4 81 10 151 7 
5 6 237 4 241 10 
128 11 176 9 214 5 
120 12 130 4 240 7 
10 12 143 4 234 4 
113 12 153 1 159 4 
65 8 168 3 187 8 
200 10 201 7 228 8 
30 10 54 3 220 8 
68 2 152 7 243 11 
6 12 80 6 169 4 
78 8 161 12 191 7 
3 12 39 3 131 2 
42 4 92 5 134 6 
164 4 223 9 226 2 
42 5 79 4 152 4 
15 2 47 8 172 4 
37 2 101 1 227 4 
6 7 68 11 206 1 
96 11 107 2 196 11 
173 10 180 12 240 2 
162 7 169 5 225 3 
4 7 116 8 125 3 
161 7 195 12 196 6 
16 9 107 5 187 1 
11 4 149 10 225 5 
29 1 35 7 188 5 
148 9 192 7 244 10 
31 10 104 3 236 2 
70 10 93 8 191 1 
11 11 113 7 187 7 
139 8 207 10 215 11 
17 5 21 2 166 9 
47 4 187 11 231 5 
18 10 63 3 112 2 
114 11 138 1 155 9 
55 9 164 6 192 5 
30 12 61 5 166 6 
51 2 89 4 91 4 
40 11 114 3 199 4 
70 5 142 9 236 2 
73 11 105 1 188 6 
80 1 87 10 233 9 
142 3 152 9 196 7 
119 11 143 7 228 11 
8 6 146 5 190 6 
31 4 148 12 159 6 
94 4 95 6 180 9 
119 5 164 3 210 11 
63 8 161 5 226 3 
75 3 115 7 237 6 
10 9 105 1 128 11 
4 9 13 2 175 11 
25 3 182 8 211 7 
34 2 72 1 233 10 
79 10 81 6 210 1 
42 8 109 3 209 9 
41 7 47 4 97 12 
26 10 38 11 51 1 
21 3 141 9 240 9 
82 10 136 7 165 6 
15 8 90 11 227 9 
8 7 12 4 183 9 
19 5 127 7 228 11 
34 11 59 11 126 12 
11 10 16 1 77 1 
6 2 48 4 61 1 
22 6 69 5 140 7 
34 12 130 4 191 5 
27 11 62 5 94 2 
1 7 191 11 233 5 
2 9 91 8 117 6 
125 6 221 12 240 2 
51 4 102 6 147 8 
10 11 91 6 173 6 
104 9 189 6 196 11 
31 6 61 6 183 6 
69 3 172 2 185 1 
91 11 139 3 169 11 
52 9 99 11 160 12 
74 2 187 5 218 12 
4 8 30 11 86 6 
112 1 135 8 172 3 
1 7 177 9 223 8 
5 8 7 6 73 3 
93 6 112 1 181 8 
71 12 137 2 186 1 
29 11 229 3 230 1 
7 10 201 2 235 11 
57 2 78 5 102 8 
49 8 100 9 206 8 
113 6 186 2 232 10 
169 3 210 8 229 11 
41 2 78 12 234 1 
3 11 45 11 93 1 
50 7 85 12 116 4 
54 10 164 8 207 10 
74 10 169 1 231 4 
122 8 139 6 242 12 
145 9 197 7 209 4 
67 4 154 11 172 6 
18 10 109 2 111 11 
82 1 111 11 167 11 
3 7 21 2 123 3 
20 9 29 10 207 1 
41 10 66 12 116 5 
29 8 165 5 201 3 
32 10 47 9 160 4 
185 7 199 6 200 2 
11 1 188 6 211 4 
17 5 39 4 151 3 
145 5 183 9 189 3 
60 8 193 6 216 6 
25 3 92 3 156 8 
71 4 132 7 171 12 
73 9 88 9 142 12 
58 10 202 8 226 12 
6 1 143 4 224 12 
18 10 49 6 97 9 
45 6 121 5 211 3 
11 5 118 1 158 6 
14 5 44 12 153 7 
56 11 92 5 146 6 
36 10 63 12 191 7 
58 12 179 9 187 7 
38 12 228 10 244 12 
86 8 152 5 227 6 
39 11 50 1 66 2 
64 6 148 7 242 1 
33 8 106 11 128 2 
37 6 157 4 235 12 
77 8 116 4 234 2 
23 7 61 10 76 11 
88 11 108 3 129 7 
162 11 189 2 244 11 
99 11 173 3 239 1 
9 6 17 11 60 6 
49 5 148 7 186 2 
12 2 142 11 159 8 
9 4 28 11 132 1 
28 6 162 9 176 5 
135 5 204 7 218 11 
92 10 96 1 203 4 
94 5 100 11 179 6 
78 3 141 8 150 6 
50 11 93 12 229 10 
101 9 124 9 133 11 
13 1 80 5 108 1 
160 10 166 7 213 5 
194 3 206 7 236 4 
65 1 98 2 223 1 
14 5 101 2 131 6 
2 11 84 5 224 2 
52 7 60 11 147 5 
26 1 103 2 203 1 
44 9 171 6 219 9 
56 9 64 7 243 8 
85 11 103 8 144 11 
15 6 82 2 156 1 
127 9 138 4 159 9 
9 8 72 7 155 9 
121 7 166 6 187 6 
32 12 125 5 180 2 
87 3 141 9 230 11 
12 12 193 3 241 10 
89 8 221 5 238 7 
24 6 39 8 147 9 
22 4 77 2 195 10 
2 5 35 10 120 3 
38 2 136 11 241 11 
65 12 135 11 242 1 
107 7 205 12 235 7 
55 11 64 1 198 12 
174 12 241 7 244 6 
192 5 234 9 236 1 
149 5 220 12 240 7 
122 6 206 6 209 4 
89 12 110 12 165 7 
15 12 106 6 205 6 
118 3 161 3 170 10 
27 9 70 7 83 10 
23 7 112 7 114 3 
90 8 105 2 125 1 
62 9 140 8 195 3 
71 5 76 8 133 7 
88 2 181 3 193 1 
59 6 163 6 220 2 
86 9 104 1 181 2 
100 12 145 12 174 1 
113 6 200 11 208 3 
4 11 190 10 220 8 
67 1 130 5 173 11 
139 9 171 5 213 8 
33 3 134 7 205 12 
40 11 155 4 223 9 
1 5 66 12 214 2 
37 4 114 10 207 2 
67 7 110 10 120 9 
51 2 98 6 184 5 
56 6 68 8 215 2 
102 11 156 8 226 2 
10 7 154 12 180 10 
24 9 55 6 182 4 
114 7 177 3 208 4 
37 11 104 11 131 10 
62 12 133 3 203 7 
30 8 70 11 227 8 
151 5 163 9 215 10 
19 8 46 2 54 12 
22 1 192 7 213 2 
57 5 74 10 198 3 
70 11 109 9 153 5 
32 3 83 4 144 10 
28 1 33 9 80 8 
43 9 98 12 103 5 
178 4 221 11 222 10 
30 6 46 2 168 7 
58 3 79 7 174 5 
68 4 106 9 127 7 
5 10 212 3 230 9 
3 1 124 10 216 9 
7 12 14 2 52 11 
85 7 95 8 108 4 
36 1 89 11 237 2 
17 5 120 8 178 12 
119 7 140 12 212 3 
20 5 76 9 231 1 
113 9 214 6 217 10 
83 5 170 4 236 12 
13 9 43 5 202 2 
20 9 167 8 200 1 
99 2 158 12 190 6 
36 1 128 1 217 2 
175 11 184 6 243 7 
117 6 202 1 231 11 
24 4 175 4 237 8 
26 6 110 5 225 8 
81 12 149 8 177 4 
18 3 166 6 239 1 
63 11 129 8 238 3 
48 7 53 1 199 11 
72 6 138 7 144 7 
40 9 204 5 232 1 
149 6 155 1 238 9 
25 1 84 12 167 9 
95 12 107 7 132 3 
19 4 162 10 208 12 
75 5 164 10 176 2 
8 8 43 6 157 9 
118 4 131 2 185 6 
115 8 122 2 126 6 
31 8 124 10 137 4 
59 5 178 11 225 9 
46 3 48 10 176 4 
35 4 53 1 232 5 
27 6 123 4 158 4 
21 3 57 12 151 11 
16 5 123 6 197 7 
55 6 96 4 201 12 
81 3 90 11 163 1 
84 4 212 9 215 8 
121 3 134 12 188 7 
96 4 161 7 222 11 
23 11 117 6 216 6 
194 4 198 1 224 10 
69 2 75 5 204 5 
16 11 53 1 137 11 
192 4 214 4 222 6 
47 9 101 3 126 3 
97 12 130 8 152 4 
45 12 218 11 219 3 
6 1 146 9 150 11 
129 2 150 1 199 8 
153 8 168 7 170 1 
143 9 168 12 195 11 
79 2 134 5 219 3 
5 7 42 8 68 4 
138 10 217 10 239 10 
42 5 44 1 182 9 
65 12 194 2 243 2 
35 11 40 6 87 11 
54 10 197 3 225 3 
107 1 136 8 179 10 
115 7 184 1 196 12 
111 7 154 4 157 3 
19 2 43 2 210 9 234 11 261 9 308 5 356 8 400 8 554 12 589 7 843 7 856 7 968 5 
211 10 212 7 277 3 319 9 338 9 540 9 568 8 676 12 719 8 753 6 844 9 925 11 941 5 
52 12 96 8 268 2 317 10 352 1 500 5 512 1 520 6 687 7 785 12 867 11 876 7 993 1 
43 5 104 2 182 4 241 3 278 2 340 12 342 8 517 11 768 11 795 7 825 9 854 8 963 11 
135 8 166 5 190 10 195 8 410 2 489 11 499 4 624 3 721 2 774 6 857 8 992 10 1049 7 
160 7 196 5 216 1 242 7 343 9 353 7 378 3 510 5 783 12 791 7 839 2 890 1 1044 1 
253 4 255 1 302 5 408 2 542 2 661 9 725 6 730 8 737 6 752 10 857 6 861 10 994 12 
22 9 53 5 303 5 402 5 517 5 540 9 541 9 622 2 702 9 729 10 818 6 835 7 1021 8 
4 12 39 2 44 10 128 4 271 9 301 12 326 12 382 10 487 2 564 4 909 6 912 4 933 8 
9 9 14 1 149 5 212 1 327 6 394 8 426 4 544 3 617 2 777 12 824 9 847 11 974 7 
47 7 49 5 170 8 171 7 240 10 539 1 575 1 594 7 798 4 803 11 838 10 882 1 893 5 
82 1 141 10 152 6 215 1 406 1 420 7 548 8 620 7 673 1 696 4 835 4 911 2 937 12 
12 1 34 5 86 8 172 9 181 5 243 3 354 8 477 10 674 5 710 9 825 2 920 1 1002 9 
73 3 76 12 228 1 278 10 283 9 313 12 509 12 659 7 677 10 733 7 894 5 924 5 994 2 
21 10 309 6 310 9 312 4 346 10 411 12 441 6 459 2 650 10 789 2 834 8 931 6 951 12 
17 9 77 4 168 7 380 2 401 7 429 1 459 2 474 9 571 10 797 9 838 1 1030 5 1039 11 
61 7 256 7 267 10 393 12 449 11 603 3 671 2 703 11 718 8 805 5 883 5 909 11 997 5 
30 10 43 4 142 4 246 3 305 2 325 8 436 10 445 4 527 3 807 10 874 10 891 10 1011 3 
124 11 421 7 435 12 456 10 476 6 553 4 623 6 657 8 676 1 684 6 836 5 981 8 1019 4 
51 6 83 6 119 9 232 4 283 10 353 11 450 9 504 9 667 10 744 4 877 9 999 5 1003 9 
2 11 38 2 134 3 295 3 347 7 575 1 602 11 665 9 692 7 805 2 832 3 876 2 1029 3 
6 2 113 5 209 2 259 8 301 3 310 6 416 11 520 11 554 8 614 2 840 6 940 4 982 1 
39 10 105 12 303 12 355 3 373 3 390 5 477 9 496 7 593 10 636 10 905 7 954 7 1036 11 
84 6 198 2 236 3 349 10 388 4 516 3 545 12 628 5 720 1 747 6 939 6 975 9 1008 4 
31 1 274 8 324 4 364 12 379 7 437 12 538 9 571 9 660 4 675 9 826 3 886 3 1017 1 
100 9 102 1 131 11 178 2 228 11 291 2 434 1 526 12 702 6 743 10 831 10 927 1 1009 6 
151 11 292 8 310 6 351 12 394 4 516 5 590 12 592 5 605 11 757 11 842 11 953 9 1028 6 
99 6 123 6 134 6 368 9 448 4 579 12 594 12 617 8 640 8 744 10 912 11 913 6 986 1 
56 2 61 4 117 6 118 9 130 5 252 4 336 8 410 11 534 3 799 1 860 11 877 10 879 8 
193 10 218 3 334 11 424 2 650 4 651 7 720 7 773 4 781 10 810 12 854 11 979 8 989 6 
17 10 108 5 109 1 122 9 385 5 390 10 488 7 620 10 762 7 801 10 819 4 849 6 1024 8 
28 10 60 9 98 3 259 7 430 7 441 3 494 6 710 7 762 12 768 9 880 10 935 12 985 3 
32 10 90 9 230 7 274 10 556 11 663 11 698 3 743 4 747 6 765 8 902 8 966 3 986 9 
21 4 52 6 111 4 182 1 194 12 474 5 501 2 506 3 558 10 645 4 827 2 837 11 841 12 
1 10 199 9 205 7 260 9 287 4 523 5 591 12 662 10 751 2 799 7 941 10 1027 4 1053 11 
244 6 363 7 396 8 400 5 412 5 424 1 490 7 610 4 644 2 771 1 896 10 996 1 1005 1 
92 10 116 6 133 6 208 8 293 2 350 7 429 6 532 8 635 5 790 2 903 6 969 4 977 11 
161 8 175 5 247 2 280 2 347 7 363 1 403 1 454 5 568 12 583 10 831 11 898 12 942 2 
69 5 97 10 100 7 396 1 420 4 442 10 550 7 565 9 627 1 785 3 883 4 900 11 939 8 
2 8 76 6 263 8 312 8 336 5 344 5 397 6 458 4 599 6 812 11 967 11 1015 9 1053 6 
95 7 181 2 220 6 387 5 419 11 491 7 537 11 565 4 588 7 610 1 830 7 866 2 878 10 
164 6 174 1 329 9 350 2 422 2 490 4 495 6 752 9 786 4 788 5 829 8 1049 8 1051 5 
90 2 191 10 237 11 318 8 363 9 601 3 630 12 661 7 703 3 716 2 987 9 1002 5 1021 6 
146 9 241 5 334 8 461 12 498 5 525 3 589 12 614 1 653 9 727 6 894 12 928 9 1051 1 
38 3 85 7 114 5 198 2 228 12 399 2 501 4 748 9 753 8 764 8 867 11 892 6 1043 12 
51 1 68 5 122 3 148 3 186 1 286 6 632 12 652 10 719 8 740 12 981 2 989 2 1026 3 
39 7 158 10 289 1 528 1 607 5 652 7 666 1 695 6 789 8 806 4 830 4 880 9 1041 9 
8 1 113 3 155 6 463 1 544 3 546 2 657 11 658 12 689 12 728 5 839 4 1013 7 1026 10 
190 5 252 4 277 8 373 10 439 11 473 9 535 9 615 5 738 8 739 5 863 8 891 6 910 5 
58 5 82 12 115 1 404 9 422 6 464 6 485 10 538 11 672 7 737 2 868 7 900 1 918 11 
92 9 149 10 296 4 359 5 383 2 388 7 491 8 679 10 741 10 811 2 831 1 846 4 971 2 
109 5 167 4 272 12 392 4 395 9 472 7 513 12 600 8 703 5 717 1 852 9 926 7 994 11 
13 9 311 2 323 5 356 12 392 11 476 9 484 2 631 11 665 2 749 9 1013 1 1027 1 1039 1 
78 4 98 11 409 4 431 10 479 1 487 7 536 7 647 3 679 4 781 3 869 10 981 12 1054 10 
36 8 70 7 218 1 254 10 492 1 505 1 584 6 632 4 641 11 809 9 945 11 975 6 1031 6 
37 9 46 2 107 2 411 5 448 6 510 7 571 3 600 3 691 12 704 12 895 11 929 9 972 6 
70 8 202 9 244 11 280 5 307 7 405 5 461 7 581 10 743 3 770 8 862 2 983 5 1029 12 
14 6 21 7 42 10 59 1 202 7 351 1 374 12 386 9 455 12 688 10 889 10 897 12 990 3 
59 3 61 9 119 8 141 6 190 3 369 12 469 3 557 9 564 7 741 11 837 11 959 6 1025 5 
217 2 320 7 331 4 341 3 501 2 588 3 646 5 668 11 682 8 750 2 885 8 909 6 926 11 
132 4 172 7 192 9 224 3 371 3 560 1 579 1 707 7 772 2 810 5 839 1 849 6 905 10 
49 1 69 12 103 10 247 3 328 3 470 12 655 10 671 11 715 10 760 7 842 5 956 9 978 12 
18 9 320 9 359 8 395 8 469 6 478 5 582 10 681 4 729 8 807 3 822 8 896 12 1012 11 
22 11 27 8 47 2 199 6 201 11 428 7 468 8 552 12 577 5 581 12 901 6 929 7 945 1 
93 11 299 11 340 4 368 1 472 2 511 1 551 8 625 4 666 5 779 8 923 1 943 12 1052 12 
12 2 49 3 165 10 224 12 313 6 407 8 504 3 597 6 602 6 726 9 878 12 900 2 968 12 
9 10 243 11 288 6 377 7 407 3 473 6 533 5 648 4 663 5 678 10 873 4 964 1 970 7 
57 7 138 8 257 5 293 8 349 12 408 4 647 3 660 2 782 2 791 11 972 8 991 4 1049 4 
32 12 135 6 146 4 173 3 187 4 378 5 386 8 405 8 458 1 612 11 840 5 850 3 1038 2 
45 3 94 3 372 6 387 9 455 9 587 1 639 10 645 4 802 10 813 5 953 7 979 11 984 11 
20 5 209 8 221 2 303 5 348 3 354 2 412 9 463 11 730 9 754 7 859 12 887 4 957 5 
29 12 242 5 297 11 383 5 392 9 396 5 479 3 662 7 750 2 766 2 827 1 933 7 1014 6 
11 9 41 2 48 8 191 12 218 8 333 12 347 4 506 1 688 5 711 11 814 11 857 3 888 9 
24 4 66 4 128 8 130 8 277 6 434 5 484 1 620 5 636 8 720 5 853 2 870 10 983 10 
121 1 143 6 184 5 221 6 273 5 529 8 573 7 672 12 704 5 733 8 823 3 1020 5 1038 5 
125 3 234 7 337 1 425 4 431 11 606 10 607 8 642 11 658 5 757 2 905 11 957 8 999 9 
30 5 91 2 154 1 193 3 270 8 490 2 555 3 588 6 655 12 756 5 838 1 904 8 940 2 
19 6 23 7 216 6 243 9 423 10 511 6 677 3 708 8 709 12 784 8 862 5 866 12 917 3 
134 2 286 10 369 10 456 2 485 8 524 7 555 2 630 2 736 7 788 4 828 10 990 7 1048 2 
44 6 191 4 252 1 276 3 404 8 462 4 577 7 673 3 755 1 783 6 815 1 920 5 986 8 
88 11 148 9 213 11 330 6 361 5 408 4 636 9 689 7 717 6 773 10 828 6 1010 12 1032 3 
54 2 115 9 140 4 154 3 376 11 383 12 508 2 614 9 694 2 753 11 833 10 875 1 931 2 
101 1 179 11 220 7 232 4 335 12 481 9 539 6 573 3 596 7 745 7 953 10 985 4 1001 5 
98 1 196 9 255 10 281 2 315 9 491 10 508 8 622 9 643 5 745 7 925 5 1017 12 1033 4 
12 10 15 10 67 10 94 1 266 1 331 10 366 5 617 3 633 9 709 7 868 12 930 11 995 7 
137 1 159 2 203 11 256 2 360 4 456 1 552 11 564 12 661 5 706 2 854 6 899 8 960 9 
3 4 89 2 177 3 447 11 466 12 496 9 602 5 611 2 733 8 740 1 815 10 936 3 1053 11 
10 5 96 8 206 3 207 7 432 8 563 10 572 4 598 1 631 1 738 10 888 9 906 11 958 2 
87 5 409 2 457 2 512 12 592 9 613 1 627 8 700 11 719 6 811 4 938 8 950 12 996 11 
24 11 118 8 183 3 222 11 338 5 500 5 581 3 683 10 760 1 764 2 834 11 955 8 1032 11 
64 1 142 2 147 9 322 7 438 6 468 10 503 6 531 10 656 7 811 4 844 8 847 6 851 11 
38 11 67 10 123 12 306 5 345 11 381 7 467 11 547 2 654 5 786 5 886 3 895 5 915 10 
2 2 53 11 282 8 302 1 376 2 413 7 629 5 724 6 769 8 802 8 858 6 867 1 918 12 
56 12 258 1 367 4 406 2 414 1 450 6 476 12 492 8 677 12 682 12 820 4 842 2 916 5 
5 12 152 6 207 11 220 6 279 4 292 9 361 8 418 7 454 7 513 10 820 6 995 8 1018 12 
20 8 203 12 208 3 229 12 309 5 595 1 623 11 626 12 670 12 792 11 915 1 1031 4 1035 4 
32 2 120 2 201 7 290 9 341 5 369 1 507 2 563 2 621 6 761 5 830 12 891 9 1042 12 
42 10 118 7 200 6 288 6 503 2 515 7 578 11 582 3 598 10 649 9 923 2 971 6 987 12 
45 4 72 3 83 7 162 12 366 3 376 1 415 3 624 8 634 11 678 10 852 11 908 11 1004 2 
182 10 200 2 269 2 309 7 377 10 386 10 484 6 496 5 530 4 609 12 863 9 916 11 961 12 
153 4 250 3 271 3 316 6 446 5 576 6 612 8 649 9 734 11 790 1 919 9 924 2 1041 3 
33 7 79 3 211 7 379 11 389 7 416 7 482 7 592 7 599 4 726 7 846 6 862 8 973 11 
10 8 45 2 65 6 116 7 211 12 300 4 370 5 470 8 616 6 764 10 927 2 930 8 987 5 
37 9 60 8 114 12 180 9 222 4 231 2 551 3 570 3 695 11 801 3 848 9 960 1 977 11 
28 8 59 8 233 6 341 2 384 12 404 9 516 11 570 6 608 9 722 7 814 1 824 1 955 2 
112 12 268 9 434 9 440 8 442 11 528 4 533 2 584 10 628 11 726 3 902 11 951 6 991 9 
126 2 293 2 322 4 381 6 439 11 495 11 518 8 559 2 792 2 797 5 944 7 1018 7 1055 1 
3 7 101 9 185 9 194 7 227 12 291 1 297 9 375 2 575 10 637 10 906 3 920 1 995 4 
101 1 219 4 233 8 275 3 321 10 370 9 667 5 696 6 746 9 756 4 829 3 874 2 984 9 
58 10 164 6 168 11 199 3 438 3 489 12 555 4 600 4 622 7 692 2 950 12 970 10 1009 5 
29 4 87 12 257 4 298 3 432 11 493 3 585 1 607 11 609 7 663 7 874 11 875 11 1057 7 
41 12 50 2 75 6 179 6 216 3 219 7 697 10 701 12 742 4 807 2 855 1 858 1 954 7 
54 10 104 8 249 6 440 2 488 1 529 7 569 8 604 11 778 12 803 7 864 6 962 6 1000 9 
62 3 91 8 120 12 131 11 151 1 633 11 644 2 747 4 808 11 812 3 954 3 969 10 976 7 
1 11 89 4 133 4 138 5 222 3 401 6 604 8 610 3 640 12 714 4 823 7 1023 8 1056 7 
25 10 75 3 125 6 240 10 279 3 401 11 470 9 514 9 751 8 795 8 868 4 878 5 904 4 
231 1 238 7 244 2 284 8 334 5 365 5 497 3 590 9 737 1 769 7 844 6 1007 6 1036 6 
20 3 48 5 278 2 345 10 366 2 371 4 535 4 549 10 714 11 716 12 893 1 952 3 1022 4 
29 10 180 9 236 8 273 5 391 6 513 1 685 10 709 1 763 1 768 9 817 11 821 5 998 7 
94 9 294 2 300 2 367 9 441 11 479 11 582 12 690 4 755 4 776 12 941 3 970 9 997 8 
13 4 80 4 107 2 270 9 332 11 348 6 351 12 517 4 583 6 746 10 892 5 934 7 1034 3 
44 11 207 9 239 4 355 1 424 7 455 5 626 2 659 3 664 5 712 2 871 8 949 6 1023 2 
128 4 153 10 330 5 364 5 440 11 483 8 561 7 595 4 686 11 759 7 876 3 1028 4 1030 6 
10 3 343 5 364 12 453 7 460 11 489 12 533 2 549 3 693 11 735 7 919 9 993 10 1024 10 
110 6 142 4 157 3 178 7 194 11 214 3 475 5 681 5 728 12 795 3 845 6 935 5 955 1 
73 3 81 2 168 4 185 9 242 3 329 9 385 12 391 9 437 11 632 2 837 12 1023 6 1041 3 
55 3 67 8 452 3 512 6 525 2 542 1 603 12 625 10 638 6 710 1 836 7 932 9 991 7 
4 2 16 6 106 6 127 5 276 5 549 6 583 9 596 11 727 3 775 11 824 11 902 2 1005 1 
17 4 64 12 145 8 170 6 179 5 304 8 623 5 708 7 731 11 771 12 906 7 1012 8 1045 2 
66 7 144 11 197 10 336 2 538 12 625 12 637 1 739 12 770 2 776 4 841 4 964 5 1042 8 
204 11 234 11 307 10 318 11 427 8 488 10 546 5 619 6 664 8 785 2 924 6 977 10 1022 2 
51 11 90 9 103 10 413 9 528 9 597 7 662 12 712 4 714 6 748 11 887 7 912 1 1018 3 
16 6 115 4 156 8 183 6 226 8 299 9 326 10 447 8 545 5 721 6 919 11 957 7 978 3 
5 6 34 2 240 2 251 6 342 3 449 9 530 7 531 7 629 3 786 6 966 7 1034 12 1048 5 
131 10 159 7 181 8 237 2 306 9 358 9 486 11 560 9 585 8 647 2 855 8 914 5 943 11 
156 3 305 10 360 9 362 8 372 8 458 7 532 2 591 6 697 12 713 8 833 7 942 11 1055 8 
42 11 140 2 164 8 185 6 225 2 289 4 298 3 462 6 520 1 640 11 859 2 1024 4 1039 11 
18 8 266 1 301 4 389 4 454 8 471 9 493 12 749 4 762 1 808 1 932 4 1014 7 1050 10 
11 1 188 6 189 10 236 4 339 9 417 12 474 6 525 12 561 10 804 8 851 3 871 6 965 9 
104 7 127 7 296 3 304 2 323 5 370 9 379 8 420 9 669 3 735 9 840 7 956 8 998 12 
62 9 110 8 124 8 175 10 284 2 333 6 338 11 349 1 522 5 586 3 832 9 917 8 936 9 
111 6 176 10 213 6 261 7 350 10 472 7 515 3 594 2 751 1 813 9 816 3 888 12 911 11 
4 12 36 4 205 6 330 10 388 12 462 6 667 9 669 5 687 9 777 4 817 7 890 4 1047 9 
71 3 123 2 129 10 262 1 320 1 530 10 601 3 627 2 644 8 685 2 930 11 985 10 1014 7 
9 9 85 3 138 10 150 1 204 8 445 11 526 10 639 2 683 9 769 4 872 9 884 5 961 12 
86 9 97 7 267 12 426 10 487 2 696 5 739 7 765 1 766 10 767 3 818 5 895 6 1044 9 
28 7 47 11 53 5 114 12 160 6 311 1 616 1 618 11 674 3 676 8 846 8 926 5 939 9 
88 11 197 4 245 9 343 8 380 5 430 5 593 12 638 10 761 11 800 9 819 12 901 7 910 7 
106 6 173 2 214 7 248 1 387 11 406 12 493 8 657 12 688 6 798 10 948 5 1010 8 1016 6 
245 9 246 8 356 5 469 6 598 2 653 3 664 10 674 12 750 3 755 12 917 6 1044 11 1045 1 
79 2 176 12 189 5 214 8 215 8 329 8 497 7 514 9 721 6 773 7 883 3 980 5 1029 11 
33 6 63 5 302 9 461 7 567 4 639 6 656 1 658 1 782 7 788 4 816 9 899 5 1042 4 
55 5 266 2 494 12 499 5 646 5 693 6 705 11 718 3 767 3 778 1 894 7 984 5 1046 8 
18 2 74 6 116 12 184 9 200 1 502 6 653 6 680 4 690 8 716 11 873 11 974 12 1057 4 
145 12 275 2 314 10 374 2 377 4 390 5 425 12 486 2 578 4 808 9 933 9 967 4 1016 1 
25 3 52 6 80 6 314 10 319 2 572 2 573 2 579 8 641 7 732 3 886 8 931 1 973 8 
239 5 264 2 283 6 286 5 311 4 325 12 471 5 580 5 711 4 761 3 903 4 1021 9 1057 3 
14 5 105 8 155 2 274 5 362 7 382 6 521 7 558 5 723 11 744 10 893 6 1004 12 1028 4 
66 7 281 10 322 7 442 4 561 11 645 5 699 12 735 3 760 10 778 4 819 6 911 8 932 9 
27 6 46 11 221 11 223 7 312 12 352 9 384 9 433 9 499 11 701 7 852 12 880 4 921 10 
60 6 65 6 316 3 346 5 374 3 421 8 642 1 698 9 784 12 796 7 822 5 952 3 1035 7 
35 4 235 5 281 4 544 5 548 1 601 4 605 10 682 3 763 1 794 7 907 11 913 9 1019 10 
177 2 192 6 290 2 315 2 418 12 443 9 452 5 506 3 569 4 665 10 959 6 980 9 1032 1 
26 5 68 10 80 7 223 8 235 6 585 11 613 3 765 1 787 4 809 6 821 3 869 8 1020 10 
72 11 96 11 102 7 132 8 150 8 187 3 423 10 431 5 482 2 621 8 833 6 879 5 950 7 
196 10 254 8 304 5 340 12 428 9 483 1 518 11 532 7 805 9 810 6 921 7 934 6 1011 6 
186 4 245 7 261 5 460 12 464 10 527 5 668 3 722 10 754 4 770 2 875 11 1003 8 1017 9 
107 3 210 11 373 10 407 5 482 9 595 7 694 8 756 2 772 6 779 3 989 7 1046 7 1047 12 
3 12 120 3 296 4 345 9 483 1 498 2 586 6 678 7 783 4 794 5 851 11 865 3 870 1 
69 11 176 12 258 1 272 11 285 3 438 10 444 5 609 7 624 8 648 10 952 10 1001 4 1046 1 
23 2 86 5 149 9 357 5 478 8 552 7 637 12 700 5 724 12 745 4 887 12 928 6 965 5 
91 6 106 10 156 9 161 9 357 12 466 3 547 6 642 11 702 8 789 4 850 2 855 3 873 6 
74 4 136 9 265 11 280 2 313 3 359 3 444 4 523 7 767 2 793 10 847 6 908 3 964 11 
5 10 23 2 112 3 167 8 415 9 465 8 480 1 566 11 694 4 711 3 946 12 961 1 990 5 
68 7 227 9 270 7 337 6 421 4 426 11 577 9 666 9 742 2 758 11 825 11 1006 11 1008 4 
268 2 402 6 403 12 433 3 435 10 505 5 551 11 580 4 732 12 775 9 913 5 1020 2 1026 4 
205 10 264 7 344 8 353 11 447 7 453 7 468 7 543 4 558 12 772 8 856 9 976 3 1010 4 
25 12 27 5 31 1 166 11 169 4 430 12 518 11 522 3 728 1 766 2 988 4 997 12 1025 11 
226 7 238 9 295 3 297 7 368 11 507 4 523 1 557 3 584 5 599 5 897 9 916 6 1055 10 
11 4 24 4 464 5 608 5 612 1 638 9 656 10 698 5 705 12 793 12 820 9 935 2 974 10 
16 8 70 8 92 11 285 4 328 1 608 9 707 12 713 1 746 6 759 9 858 8 958 3 960 2 
64 10 76 2 158 3 223 6 276 7 314 9 457 2 465 10 511 3 550 1 826 8 975 4 1051 9 
36 8 50 3 121 7 166 10 419 6 443 8 606 11 613 6 675 12 699 12 835 9 849 6 884 9 
144 7 202 10 229 11 247 11 249 1 260 10 507 3 526 9 570 5 723 1 971 5 1006 6 1056 1 
6 6 35 7 132 1 197 7 213 11 325 2 519 8 590 5 691 2 731 1 850 1 881 7 1022 6 
40 12 79 4 113 6 174 5 224 1 282 12 308 4 521 9 572 9 643 1 859 1 864 2 910 2 
183 9 188 11 433 8 492 7 621 12 771 12 779 8 797 1 803 7 806 11 853 5 897 7 934 6 
158 4 209 8 435 6 446 6 473 11 503 6 542 12 559 4 715 8 799 5 814 6 882 6 1034 7 
6 11 95 6 99 3 193 11 352 10 402 12 459 8 475 10 486 11 758 6 848 6 884 3 907 2 
102 2 129 12 148 11 394 3 398 11 399 11 400 10 580 4 686 5 708 4 818 6 963 10 1004 6 
77 5 135 9 167 7 287 1 393 1 451 2 635 6 706 1 784 7 802 1 841 5 843 11 896 7 
75 11 217 3 238 12 418 9 480 11 519 4 606 6 707 9 800 7 809 5 947 5 982 7 1040 4 
35 2 146 9 307 8 395 8 398 4 539 7 543 8 629 6 689 11 706 8 885 6 937 3 958 1 
31 7 48 7 226 1 259 9 495 7 502 4 515 10 531 9 643 9 763 9 922 3 1037 4 1052 2 
81 4 140 8 180 7 265 10 305 11 332 7 478 6 589 11 718 7 796 12 940 10 956 3 1047 11 
165 5 262 10 289 10 335 3 417 10 422 5 427 11 436 6 792 11 796 6 816 7 848 11 1056 12 
22 12 169 2 208 8 239 6 249 11 308 6 335 8 439 7 557 7 574 6 872 7 1030 7 1054 3 
26 3 248 3 260 4 397 3 436 12 593 12 634 3 679 3 712 3 754 12 945 12 983 3 1037 1 
124 5 139 9 327 4 342 1 371 9 403 3 414 4 460 7 565 4 812 4 881 6 1013 11 1045 8 
62 3 89 5 246 4 265 9 267 9 300 8 362 8 412 10 536 4 780 10 881 2 962 11 1003 1 
95 11 126 8 273 9 316 2 317 3 603 5 628 7 651 4 724 10 780 7 861 2 879 3 1031 12 
93 5 198 2 217 2 227 9 253 1 272 2 411 1 432 12 560 7 618 11 889 8 1002 2 1007 1 
46 7 93 9 159 9 355 2 378 3 382 11 417 4 522 4 591 3 731 4 915 4 927 1 978 7 
160 8 171 8 251 2 295 4 331 10 446 9 509 3 535 1 562 10 736 9 914 7 1015 5 1038 5 
15 10 56 12 84 12 145 3 195 2 225 2 253 7 541 5 684 5 700 8 944 12 951 6 966 12 
78 8 143 7 172 12 358 12 428 7 480 1 494 8 569 10 680 8 791 1 863 8 922 7 949 6 
85 6 111 1 157 12 315 9 332 8 451 10 477 2 567 2 669 4 804 10 869 10 877 1 969 2 
19 12 71 4 78 9 153 6 192 11 288 8 317 2 339 7 467 8 672 5 962 3 976 4 1019 12 
8 11 34 10 173 2 178 7 215 5 385 2 409 5 527 3 630 6 732 1 829 9 872 4 949 4 
65 6 163 3 262 5 299 7 500 5 502 4 554 8 604 5 619 3 738 9 821 11 828 1 865 8 
127 4 136 8 319 12 321 9 365 11 414 1 566 11 654 7 686 6 757 4 826 7 882 4 892 3 
30 7 57 1 151 6 206 6 333 1 405 10 537 5 541 7 650 4 741 10 992 3 998 3 1033 9 
108 10 126 3 139 12 163 2 195 3 263 9 452 5 504 10 547 2 691 7 921 5 965 8 982 2 
55 2 103 9 137 4 161 8 170 8 174 6 498 6 651 10 668 2 775 5 968 2 1000 6 1040 4 
88 10 137 7 139 7 144 12 250 2 326 7 384 8 587 12 725 5 804 11 972 2 980 10 1033 8 
71 6 130 2 251 12 256 10 389 8 423 9 445 10 548 7 574 11 734 1 885 6 993 9 1036 6 
26 4 63 8 201 12 298 1 358 10 393 5 550 6 566 8 587 10 611 6 1000 10 1005 2 1050 10 
40 1 152 10 189 10 269 8 284 12 287 9 290 2 616 1 659 3 704 8 853 12 914 11 1043 11 
41 1 84 7 143 6 177 9 263 2 372 3 410 2 465 11 475 9 574 7 928 9 1043 3 1048 3 
54 5 57 3 83 3 87 1 186 6 451 4 467 7 699 8 725 1 781 8 948 12 959 2 963 8 
7 10 82 9 136 1 231 12 292 7 339 3 568 1 615 10 705 8 752 12 845 12 938 5 988 11 
37 6 63 10 129 9 232 4 254 2 324 1 344 1 559 7 619 3 673 5 988 10 1035 11 1040 6 
1 2 108 10 117 12 141 2 175 8 188 5 203 1 248 1 596 7 787 9 856 8 923 1 967 9 
8 12 72 3 97 3 99 12 357 12 529 6 648 3 660 9 740 3 748 11 890 12 925 2 1037 10 
112 2 398 9 413 11 429 8 556 11 615 6 649 10 670 1 794 3 798 5 1009 8 1025 9 1054 3 
109 7 367 10 425 12 635 2 655 3 670 8 695 3 730 2 742 11 787 2 822 3 889 12 973 2 
171 7 184 5 219 9 375 6 397 9 437 5 450 6 508 11 543 12 790 4 834 9 899 6 979 8 
122 5 157 4 163 8 361 10 375 3 510 4 634 10 715 10 749 9 780 8 817 11 836 11 898 10 
275 10 294 2 328 10 505 1 553 9 562 4 633 8 654 12 683 3 692 11 860 3 865 11 918 10 
74 12 230 3 327 10 415 9 427 12 448 9 521 3 540 8 576 5 693 10 860 1 936 11 992 9 
154 9 241 1 381 12 444 9 524 4 631 9 697 2 717 4 759 1 806 5 870 4 999 1 1007 11 
15 3 100 6 204 12 229 10 457 4 463 1 471 7 652 4 671 3 729 7 864 10 1015 1 1027 5 
117 4 147 1 233 1 257 9 279 7 365 6 391 12 578 8 690 8 734 10 815 9 827 10 843 5 
105 10 150 5 230 5 237 12 324 12 453 5 536 12 618 12 684 8 777 4 866 1 904 2 947 9 
33 1 81 10 121 11 282 6 294 2 346 8 360 7 519 11 597 9 646 8 861 11 903 12 944 7 
7 12 13 12 58 1 162 3 509 6 553 3 567 11 675 6 801 2 813 2 922 4 947 1 1001 12 
169 12 187 10 416 1 419 6 481 7 556 9 680 10 713 4 736 12 774 4 823 6 996 2 1008 8 
155 5 258 9 291 6 323 3 443 2 545 4 562 6 563 2 626 3 758 8 938 7 1012 3 1016 9 
7 8 119 3 165 8 225 2 337 3 399 2 497 11 537 1 605 6 685 10 908 1 1011 1 1050 10 
133 2 206 11 210 12 255 11 271 9 449 1 534 9 546 5 776 7 793 2 832 9 845 2 948 7 
250 4 321 2 380 1 466 4 485 7 514 8 586 9 641 7 701 12 774 10 937 10 942 11 946 7 
40 6 50 3 73 3 125 6 212 2 235 1 285 10 524 3 534 6 687 9 871 12 901 1 943 1 
77 8 110 8 162 9 264 6 306 4 348 3 576 10 611 1 727 10 782 11 929 8 1006 7 1052 2 
147 4 269 4 318 7 354 3 481 3 681 11 722 9 723 3 800 10 898 12 907 11 946 6 0 0 
