204 102
3 7
3 3 3 3 3 3 3 3 3 3 3 3 3 3 3 3 3 3 3 3 3 3 3 3 3 3 3 3 3 3 3 3 3 3 3 3 3 3 3 3 3 3 3 3 3 3 3 3 3 3 3 3 3 3 3 3 3 3 3 3 3 3 3 3 3 3 3 3 3 3 3 3 3 3 3 3 3 3 3 3 3 3 3 3 3 3 3 3 3 3 3 3 3 3 3 3 3 3 3 3 3 3 3 3 3 3 3 3 3 3 3 3 3 3 3 3 3 3 3 3 3 3 3 3 3 3 3 3 3 3 3 3 3 3 3 3 3 3 3 3 3 3 3 3 3 3 3 3 3 3 3 3 3 3 3 3 3 3 3 3 3 3 3 3 3 3 3 3 3 3 3 3 3 3 3 3 3 3 3 3 3 3 3 3 3 3 3 3 3 3 3 3 3 3 3 3 3 3 3 3 3 3 3 3 
6 7 7 6 7 6 6 6 7 7 6 6 6 6 6 6 6 7 7 6 6 6 6 6 6 6 6 6 6 6 6 6 6 7 6 6 6 6 6 6 6 6 6 6 6 6 6 7 6 6 6 6 6 6 6 6 6 6 6 6 6 6 6 5 6 6 6 6 6 6 6 6 6 6 6 6 5 6 6 6 6 6 6 5 6 6 6 6 6 6 6 5 6 5 6 5 5 6 5 6 5 6 
1 2 3 
4 5 6 
8 9 10 
11 12 13 
14 15 16 
17 18 19 
20 21 22 
23 24 25 
26 27 28 
29 30 31 
32 33 35 
34 36 38 
37 39 41 
40 42 44 
43 45 47 
46 48 50 
49 51 53 
52 54 55 
56 57 58 
59 60 61 
62 63 64 
65 66 67 
68 69 70 
71 72 73 
74 75 76 
77 78 79 
80 81 82 
83 84 85 
86 87 88 
89 90 91 
92 93 94 
95 96 97 
98 99 100 
1 7 101 
2 4 102 
3 8 11 
5 14 17 
6 20 23 
9 26 29 
12 32 34 
15 37 40 
16 43 46 
18 49 52 
19 56 59 
21 62 65 
22 68 71 
24 74 77 
25 80 83 
27 86 89 
28 92 95 
30 39 98 
31 51 63 
35 42 66 
38 54 69 
7 41 70 
44 75 87 
36 47 93 
10 50 78 
13 53 76 
55 81 90 
57 67 96 
60 72 88 
33 48 73 
58 79 99 
45 61 82 
85 97 101 
91 100 102 
2 64 94 
1 24 59 
3 15 22 
4 33 84 
5 26 38 
6 13 39 
8 57 81 
7 9 35 
11 17 86 
12 61 62 
14 63 77 
16 23 55 
18 21 50 
19 30 93 
25 27 32 
28 40 49 
29 44 71 
31 46 80 
20 34 58 
10 37 60 
36 41 89 
43 66 100 
47 53 85 
52 72 99 
42 54 64 
56 68 84 
65 75 83 
5 60 67 
45 69 74 
51 70 87 
73 76 92 
78 82 95 
79 90 94 
16 88 101 
48 91 97 
22 96 98 
1 28 65 
2 18 45 
3 6 31 
4 40 81 
8 36 75 
9 53 102 
11 42 97 
12 29 55 
10 14 32 
7 15 76 
17 24 71 
19 20 35 
21 25 41 
27 43 56 
23 30 69 
34 37 46 
38 39 73 
13 44 50 
22 26 47 
33 49 58 
7 48 52 
51 54 59 
57 63 72 
62 68 91 
61 66 77 
67 70 94 
64 78 84 
11 79 80 
20 82 87 
52 83 86 
37 74 85 
88 93 96 
31 89 92 
3 90 95 
1 32 98 
17 28 100 
38 99 101 
2 10 23 
4 12 19 
5 8 21 
6 9 18 
14 30 102 
15 24 33 
13 16 26 
25 40 47 
27 39 42 
29 36 48 
34 44 45 
35 46 90 
41 43 49 
50 51 66 
53 55 56 
54 57 85 
59 73 78 
58 60 64 
62 74 80 
63 75 95 
65 69 72 
67 71 82 
68 76 79 
61 70 83 
77 81 88 
86 94 98 
84 89 96 
1 91 93 
87 92 99 
2 26 97 
3 25 100 
20 101 102 
4 7 27 
5 35 45 
6 28 36 
8 16 19 
9 24 34 
11 23 49 
12 15 51 
14 41 44 
17 31 47 
18 32 57 
21 29 59 
10 22 42 
30 33 61 
37 52 66 
38 40 56 
43 54 71 
46 53 65 
50 55 74 
13 60 89 
39 62 87 
48 63 98 
19 67 76 
34 68 81 
58 69 95 
70 73 100 
2 72 80 
18 75 91 
78 86 102 
5 79 85 
9 82 93 
10 83 90 
3 48 88 
1 34 69 104 138 168 0 
1 35 68 105 141 170 198 
1 36 70 106 137 171 204 
2 35 71 107 142 173 0 
2 37 72 95 143 174 201 
2 38 73 106 144 175 0 
34 55 75 113 124 173 0 
3 36 74 108 143 176 0 
3 39 75 109 144 177 202 
3 58 87 112 141 184 203 
4 36 76 110 131 178 0 
4 40 77 111 142 179 0 
4 59 73 121 147 191 0 
5 37 78 112 145 180 0 
5 41 70 113 146 179 0 
5 42 79 101 147 176 0 
6 37 76 114 139 181 0 
6 43 80 105 144 182 199 
6 44 81 115 142 176 194 
7 38 86 115 132 172 0 
7 45 80 116 143 183 0 
7 46 70 103 122 184 0 
8 38 79 118 141 178 0 
8 47 69 114 146 177 0 
8 48 82 116 148 171 0 
9 39 72 122 147 170 0 
9 49 82 117 149 173 0 
9 50 83 104 139 175 0 
10 39 84 111 150 183 0 
10 51 81 118 145 185 0 
10 52 85 106 136 181 0 
11 40 82 112 138 182 0 
11 63 71 123 146 185 0 
12 40 86 119 151 177 195 
11 53 75 115 152 174 0 
12 57 88 108 150 175 0 
13 41 87 119 134 186 0 
12 54 72 120 140 187 0 
13 51 73 120 149 192 0 
14 41 83 107 148 187 0 
13 55 88 116 153 180 0 
14 53 92 110 149 184 0 
15 42 89 117 153 188 0 
14 56 84 121 151 180 0 
15 65 96 105 151 174 0 
16 42 85 119 152 189 0 
15 57 90 122 148 181 0 
16 63 102 124 150 193 204 
17 43 83 123 153 178 0 
16 58 80 121 154 190 0 
17 52 97 125 154 179 0 
18 43 91 124 133 186 0 
17 59 90 109 155 189 0 
18 54 92 125 156 188 0 
18 60 79 111 155 190 0 
19 44 93 117 155 187 0 
19 61 74 126 156 182 0 
19 64 86 123 158 196 0 
20 44 69 125 157 183 0 
20 62 87 95 158 191 0 
20 65 77 128 164 185 0 
21 45 77 127 159 192 0 
21 52 78 126 160 193 0 
21 68 92 130 158 0 0 
22 45 94 104 161 189 0 
22 53 89 128 154 186 0 
22 61 95 129 162 194 0 
23 46 93 127 163 195 0 
23 54 96 118 161 196 0 
23 55 97 129 164 197 0 
24 46 84 114 162 188 0 
24 62 91 126 161 198 0 
24 63 98 120 157 197 0 
25 47 96 134 159 190 0 
25 56 94 108 160 199 0 
25 59 98 113 163 194 0 
26 47 78 128 165 0 0 
26 58 99 130 157 200 0 
26 64 100 131 163 201 0 
27 48 85 131 159 198 0 
27 60 74 107 165 195 0 
27 65 99 132 162 202 0 
28 48 94 133 164 203 0 
28 71 93 130 167 0 0 
28 66 90 134 156 201 0 
29 49 76 133 166 200 0 
29 56 97 132 169 192 0 
29 62 101 135 165 204 0 
30 49 88 136 167 191 0 
30 60 100 137 152 203 0 
30 67 102 127 168 199 0 
31 50 98 136 169 0 0 
31 57 81 135 168 202 0 
31 68 100 129 166 0 0 
32 50 99 137 160 196 0 
32 61 103 135 167 0 0 
32 66 102 110 170 0 0 
33 51 103 138 166 193 0 
33 64 91 140 169 0 0 
33 67 89 139 171 197 0 
34 66 101 140 172 0 0 
35 67 109 145 172 200 0 
