204 102
3 6
3 3 3 3 3 3 3 3 3 3 3 3 3 3 3 3 3 3 3 3 3 3 3 3 3 3 3 3 3 3 3 3 3 3 3 3 3 3 3 3 3 3 3 3 3 3 3 3 3 3 3 3 3 3 3 3 3 3 3 3 3 3 3 3 3 3 3 3 3 3 3 3 3 3 3 3 3 3 3 3 3 3 3 3 3 3 3 3 3 3 3 3 3 3 3 3 3 3 3 3 3 3 3 3 3 3 3 3 3 3 3 3 3 3 3 3 3 3 3 3 3 3 3 3 3 3 3 3 3 3 3 3 3 3 3 3 3 3 3 3 3 3 3 3 3 3 3 3 3 3 3 3 3 3 3 3 3 3 3 3 3 3 3 3 3 3 3 3 3 3 3 3 3 3 3 3 3 3 3 3 3 3 3 3 3 3 3 3 3 3 3 3 3 3 3 3 3 3 3 3 3 3 3 3 
6 6 6 6 6 6 6 6 6 6 6 6 6 6 6 6 6 6 6 6 6 6 6 6 6 6 6 6 6 6 6 6 6 6 6 6 6 6 6 6 6 6 6 6 6 6 6 6 6 6 6 6 6 6 6 6 6 6 6 6 6 6 6 6 6 6 6 6 6 6 6 6 6 6 6 6 6 6 6 6 6 6 6 6 6 6 6 6 6 6 6 6 6 6 6 6 6 6 6 6 6 6 
12 78 95 
13 79 96 
14 80 97 
15 81 98 
16 82 99 
17 83 100 
1 84 101 
2 85 102 
3 69 86 
4 70 87 
5 71 88 
6 72 89 
7 73 90 
8 74 91 
9 75 92 
10 76 93 
11 77 94 
28 49 65 
29 50 66 
30 51 67 
31 35 68 
32 36 52 
33 37 53 
34 38 54 
18 39 55 
19 40 56 
20 41 57 
21 42 58 
22 43 59 
23 44 60 
24 45 61 
25 46 62 
26 47 63 
27 48 64 
28 72 91 
29 73 92 
30 74 93 
31 75 94 
32 76 95 
33 77 96 
34 78 97 
18 79 98 
19 80 99 
20 81 100 
21 82 101 
22 83 102 
23 84 86 
24 85 87 
25 69 88 
26 70 89 
27 71 90 
15 49 64 
16 50 65 
17 51 66 
1 35 67 
2 36 68 
3 37 52 
4 38 53 
5 39 54 
6 40 55 
7 41 56 
8 42 57 
9 43 58 
10 44 59 
11 45 60 
12 46 61 
13 47 62 
14 48 63 
41 74 90 
42 75 91 
43 76 92 
44 77 93 
45 78 94 
46 79 95 
47 80 96 
48 81 97 
49 82 98 
50 83 99 
51 84 100 
35 85 101 
36 69 102 
37 70 86 
38 71 87 
39 72 88 
40 73 89 
12 18 60 
13 19 61 
14 20 62 
15 21 63 
16 22 64 
17 23 65 
1 24 66 
2 25 67 
3 26 68 
4 27 52 
5 28 53 
6 29 54 
7 30 55 
8 31 56 
9 32 57 
10 33 58 
11 34 59 
48 57 78 
49 58 79 
50 59 80 
51 60 81 
35 61 82 
36 62 83 
37 63 84 
38 64 85 
39 65 69 
40 66 70 
41 67 71 
42 68 72 
43 52 73 
44 53 74 
45 54 75 
46 55 76 
47 56 77 
1 19 89 
2 20 90 
3 21 91 
4 22 92 
5 23 93 
6 24 94 
7 25 95 
8 26 96 
9 27 97 
10 28 98 
11 29 99 
12 30 100 
13 31 101 
14 32 102 
15 33 86 
16 34 87 
17 18 88 
36 61 70 
37 62 71 
38 63 72 
39 64 73 
40 65 74 
41 66 75 
42 67 76 
43 68 77 
44 52 78 
45 53 79 
46 54 80 
47 55 81 
48 56 82 
49 57 83 
50 58 84 
51 59 85 
35 60 69 
12 25 89 
13 26 90 
14 27 91 
15 28 92 
16 29 93 
17 30 94 
1 31 95 
2 32 96 
3 33 97 
4 34 98 
5 18 99 
6 19 100 
7 20 101 
8 21 102 
9 22 86 
10 23 87 
11 24 88 
6 41 70 
7 42 71 
8 43 72 
9 44 73 
10 45 74 
11 46 75 
12 47 76 
13 48 77 
14 49 78 
15 50 79 
16 51 80 
17 35 81 
1 36 82 
2 37 83 
3 38 84 
4 39 85 
5 40 69 
30 60 91 
31 61 92 
32 62 93 
33 63 94 
34 64 95 
18 65 96 
19 66 97 
20 67 98 
21 68 99 
22 52 100 
23 53 101 
24 54 102 
25 55 86 
26 56 87 
27 57 88 
28 58 89 
29 59 90 
7 55 92 120 160 183 
8 56 93 121 161 184 
9 57 94 122 162 185 
10 58 95 123 163 186 
11 59 96 124 164 187 
12 60 97 125 165 171 
13 61 98 126 166 172 
14 62 99 127 167 173 
15 63 100 128 168 174 
16 64 101 129 169 175 
17 65 102 130 170 176 
1 66 86 131 154 177 
2 67 87 132 155 178 
3 68 88 133 156 179 
4 52 89 134 157 180 
5 53 90 135 158 181 
6 54 91 136 159 182 
25 42 86 136 164 193 
26 43 87 120 165 194 
27 44 88 121 166 195 
28 45 89 122 167 196 
29 46 90 123 168 197 
30 47 91 124 169 198 
31 48 92 125 170 199 
32 49 93 126 154 200 
33 50 94 127 155 201 
34 51 95 128 156 202 
18 35 96 129 157 203 
19 36 97 130 158 204 
20 37 98 131 159 188 
21 38 99 132 160 189 
22 39 100 133 161 190 
23 40 101 134 162 191 
24 41 102 135 163 192 
21 55 80 107 153 182 
22 56 81 108 137 183 
23 57 82 109 138 184 
24 58 83 110 139 185 
25 59 84 111 140 186 
26 60 85 112 141 187 
27 61 69 113 142 171 
28 62 70 114 143 172 
29 63 71 115 144 173 
30 64 72 116 145 174 
31 65 73 117 146 175 
32 66 74 118 147 176 
33 67 75 119 148 177 
34 68 76 103 149 178 
18 52 77 104 150 179 
19 53 78 105 151 180 
20 54 79 106 152 181 
22 57 95 115 145 197 
23 58 96 116 146 198 
24 59 97 117 147 199 
25 60 98 118 148 200 
26 61 99 119 149 201 
27 62 100 103 150 202 
28 63 101 104 151 203 
29 64 102 105 152 204 
30 65 86 106 153 188 
31 66 87 107 137 189 
32 67 88 108 138 190 
33 68 89 109 139 191 
34 52 90 110 140 192 
18 53 91 111 141 193 
19 54 92 112 142 194 
20 55 93 113 143 195 
21 56 94 114 144 196 
9 49 81 111 153 187 
10 50 82 112 137 171 
11 51 83 113 138 172 
12 35 84 114 139 173 
13 36 85 115 140 174 
14 37 69 116 141 175 
15 38 70 117 142 176 
16 39 71 118 143 177 
17 40 72 119 144 178 
1 41 73 103 145 179 
2 42 74 104 146 180 
3 43 75 105 147 181 
4 44 76 106 148 182 
5 45 77 107 149 183 
6 46 78 108 150 184 
7 47 79 109 151 185 
8 48 80 110 152 186 
9 47 82 134 168 200 
10 48 83 135 169 201 
11 49 84 136 170 202 
12 50 85 120 154 203 
13 51 69 121 155 204 
14 35 70 122 156 188 
15 36 71 123 157 189 
16 37 72 124 158 190 
17 38 73 125 159 191 
1 39 74 126 160 192 
2 40 75 127 161 193 
3 41 76 128 162 194 
4 42 77 129 163 195 
5 43 78 130 164 196 
6 44 79 131 165 197 
7 45 80 132 166 198 
8 46 81 133 167 199 
